,位置,次数
0,合一国际,16
1,富力城南区,41
2,云山诗意,33
3,嘉华苑,10
4,云天翠庭,9
5,新世界嘉云府,9
6,远景新苑,4
7,泽德花苑,26
8,云和花园,3
9,广园云苑新村,32
10,云翠轩,2
11,飞鹅新村,4
12,合益街31号大院,5
13,富力半岛花园,47
14,岭南新世界,64
15,东方明珠花园,7
16,保利西海岸星海花园,7
17,中海金沙馨园一期,5
18,雅怡花园,1
19,金湖雅苑,13
20,民航小区向云新街,8
21,怡心苑,1
22,云泉居,9
23,利源大厦,1
24,盈翠华庭,11
25,晓翠苑,11
26,百荣园,11
27,麒麟东街宿舍(麒麟东街53-77号单号),3
28,富力桃园,80
29,白云骏景家园,5
30,云裳丽影,21
31,景泰新村,46
32,城西花园,13
33,体育花园,5
34,穗和名庭,6
35,金域蓝湾,21
36,飞云楼,1
37,合益小区,10
38,心谊交警宿舍,6
39,紫薇花园,14
40,上步花园,11
41,侨德花园,11
42,侨爱苑,4
43,嘉柏居,4
44,天河御品,20
45,金碧雅苑,32
46,春暖花园,7
47,恒丰花园,3
48,富力城北区,27
49,广信白兰花园,10
50,白云畔山花园,12
51,隆康花园,6
52,聚芳园,3
53,白云高尔夫花园东区,32
54,黄石花园,23
55,汇侨新城北区,26
56,心谊路派出所宿舍,1
57,颐和上院二期,6
58,景泰名苑,5
59,岭南花园,9
60,汇侨新城南区,33
61,云东小区,10
62,祥景花园AC区,29
63,机安宿舍,7
64,百事佳新村A区,14
65,又一居花园,15
66,云顶花园,6
67,一品湖山,23
68,白云明珠广场,13
69,云东花园,14
70,云逸苑,2
71,民航小区向云西街,3
72,万科云山花园,17
73,白沙新村,7
74,金迪城市花园,17
75,新市花园二区,2
76,春庭花园,8
77,田心花园,5
78,同和云苑新村,15
79,飞鹅西路,7
80,白天鹅花园,11
81,元邦航空家园,18
82,南湖半山东苑,27
83,松柏新村,8
84,黄石小区,5
85,同德花园同景苑,6
86,嘉景园,6
87,汇侨新城东区,6
88,恒大绿洲花园,7
89,万科蓝山,32
90,怡新花园,11
91,大金钟路60号-128号大院,2
92,公路局宿舍,6
93,云西小区,4
94,倚绿山庄,12
95,江南世家,4
96,岭南新世界锦云峰,17
97,紫荆花园,9
98,粮油宿舍,5
99,广信春兰花园,19
100,榕溪花园,10
101,华乐药厂干部楼,3
102,花季小区,7
103,雅居乐南湖半岛花园,21
104,新世界云逸,3
105,星汇金沙花园,10
106,镇泰楼,3
107,中海金沙馨园二期西区,4
108,乐得花园,25
109,海德花园,8
110,星汇金沙雅筑,2
111,保利西海岸汇海花园,14
112,白云雅苑,6
113,翠逸家园,9
114,瑞晖花园,16
115,金碧新城,36
116,腾龙阁,4
117,富力阳光美居,21
118,颐和山庄,9
119,京溪竹园小区,2
120,阳光花园,12
121,擎山苑,11
122,华园新村,2
123,松洲花园,2
124,同德花园同雅苑,14
125,百顺台花园,3
126,天元大厦,1
127,润祥大厦,3
128,集贤苑,11
129,云山熹景,15
130,恒骏花园,16
131,保利春天里,3
132,深业江悦湾,8
133,嘉德苑,2
134,粤溪苑,1
135,春鸿居,2
136,新市花园一期,7
137,诚德大厦,3
138,广园中路,1
139,晓景苑,3
140,金满花园,1
141,积德花园,11
142,致荔楼,3
143,恒德苑,5
144,宏航苑,7
145,康盈阁,3
146,康雅花园,6
147,保利江岸花园,8
148,云霄楼,1
149,枫溪苑,8
150,汇雅花园,13
151,汇美西苑,2
152,京溪尚苑,4
153,富业苑云岭秀色,1
154,梅园新居,2
155,云山锦绣家园,7
156,纵横缤城,7
157,保利西海岸瀚海花园,2
158,嘉利苑,4
159,三元里大道,6
160,云山居,17
161,交电新村,4
162,西城苑,2
163,金德苑,6
164,万方园,6
165,都市品格,7
166,金桂园,16
167,盈富居,2
168,御金沙,4
169,白云山制药厂前山宿舍,8
170,梅苑小区,15
171,白云高尔夫花园荷塘月色,26
172,荔苑公寓,9
173,隆泰逸品君庭,1
174,南航新村,8
175,金满家园,6
176,佳地新都,5
177,松涛北苑,11
178,御金沙澜山,4
179,景松苑,3
180,中海金沙馨园二期东区,1
181,白云高尔夫花园西区,13
182,白云花园,4
183,锦翠苑(增槎路),1
184,御鹿华轩,2
185,馨雅居,4
186,御景花园,3
187,梅园大厦,3
188,梅宾东宿舍,5
189,圣雅堡,7
190,东湖映月,12
191,圣地天河星荟,4
192,美景苑,3
193,君华香柏广场,21
194,锦翠苑(金钟横路),3
195,金印大厦,2
196,云景花园云景名都,12
197,油料宿舍,1
198,恒大御府,5
199,中海云麓公馆,4
200,新兴白云花园,10
201,元邦苑,2
202,佳景楼,1
203,新市广场,2
204,山水庭苑,31
205,民航小区松云街,3
206,祥景花园雍翠园,15
207,顺景花园,3
208,白云家园,2
209,发改委宿舍,3
210,和馨雅居,5
211,白云尚城,8
212,佳兆业天御,6
213,骏御华庭,3
214,万科爱地住宅区,3
215,时代玫瑰园,29
216,怡富尚苑,4
217,广东美术馆宿舍,1
218,棠乐路13号大院,1
219,云山雅苑,6
220,香江苑,3
221,飞行小区,5
222,雅图居,2
223,万科峯境,4
224,时代花园,11
225,金景大厦,4
226,金湖花园,8
227,松涛南苑,11
228,新景花苑,1
229,时代花生Ⅱ,5
230,景富明珠,6
231,富和花园,6
232,荷塘领会,8
233,黄石大厦,7
234,同和信用社宿舍楼,2
235,丽康居,7
236,齐富路法院宿舍,3
237,贝丽花园,9
238,云景花园云桂苑,4
239,三元里大道中医院宿舍,4
240,保利珑熙,4
241,荔雅苑,8
242,中意花苑,9
243,南航明珠雅苑,2
244,利海绿洲花园,17
245,华发四季名苑,2
246,云涛花园,4
247,云景花园云桦苑,6
248,卡布奇诺,7
249,旧云东小区,2
250,南湖半山豪庭,4
251,顺丰翠园,5
252,交安大楼,1
253,流溪半岛,4
254,保利白云山庄,3
255,新市花园一区,4
256,广州市第三机床厂宿舍,2
257,佳丽轩,4
258,依云小镇,4
259,心谊路园林局宿舍,1
260,金菊苑,1
261,金广电大厦,1
262,凯云新世界,3
263,客车厂宿舍,2
264,春晖闲庭,8
265,白云花园白云大厦,1
266,佳润云凯雅寓,1
267,颐和高尔夫庄园,3
268,祥港花园,3
269,正升雅境,9
270,南湖生活区,1
271,富林居,3
272,祥景花园B区,3
273,同逸苑,1
274,云景花园云景苑,8
275,电视台宿舍,4
276,岭南雅院,3
277,康盈雅园,1
278,金亿皮具城,2
279,云景花园云枫苑,5
280,银苑大厦(白云),3
281,成丰大厦,2
282,梅花园宾馆宿舍,1
283,广州中医药大学宿舍,2
284,白云堡豪苑,2
285,明月金岸花园,4
286,保利云禧西区,3
287,云信小区,1
288,金湖翡翠山,2
289,白云畔山花园圣地摩坊,1
290,松园山庄,1
291,云熙雅苑,2
292,新天半山墅,2
293,耀华国际,5
294,颐和上院一期,1
295,御鹿华轩山畔雍庭,8
296,保利云禧东区,2
297,越秀星汇云城,3
298,桐林别墅,3
299,金泉山庄,3
300,富业苑云岭雅筑,1
301,珠江岭南苑,1
302,东方小区,1
303,柯子岭,2
304,京华雅居,4
305,怡桂苑,3
306,华兴苑,2
307,民航小区绿化小区,3
308,民航小区南云西街,3
309,玻璃厂宿舍,2
310,白云山制药厂后山宿舍,2
311,聚景雅居,3
312,广播设备厂宿舍,1
313,民航小区云霄街,1
314,机场路,1
315,紫竹苑(同德围),3
316,利都大厦,1
317,松南小区,1
318,广信金兰花园,2
319,南湖山庄,1
320,松南路松南宿舍,1
321,翠景园,1
322,云映阁,2
323,景安街1-16号宿舍,7
324,岭南新世界映悦园,5
325,翠庭雅轩,5
326,大基路390-400号宿舍（双号）,2
327,新苑大厦,1
328,汇怡苑,2
329,地质工程公司宿舍,2
330,新新花园,1
331,白云山中药厂宿舍,1
332,富力碧涛湾,2
333,走马岗海关大院,1
334,景观苑,2
335,汉苑大厦,1
336,兴云路,1
337,矿泉北街5号大院,1
338,政民路,2
339,景云路,6
340,紫来居,2
341,祥华阁,2
342,方園,2
343,逸景居,2
344,云苑大厦,1
345,富悦花苑,4
346,大金钟横路云泉居,3
347,广州公路养护宿舍,2
348,民航小区康寿街,2
349,春晖苑(白云),3
350,景云居,3
351,清华居,3
352,农工商宿舍,1
353,竹园小区(白云),2
354,岗贝路101号-123号宿舍(单号),3
355,松溪花园,1
356,景泰花园,2
357,竹韵山庄,1
358,松北水厂宿舍,1
359,佳晟楼,1
360,银通花园,1
361,富多来花园二区,1
362,华德大厦,2
363,远景工商局宿舍,2
364,外语外贸学院,2
365,尚境雅筑,1
366,邮电局宿舍,1
367,乐嘉路,1
368,潭村医药公司宿舍,1
369,君立国际公寓,2
370,绿地时代云都汇,1
371,百信广场,2
372,齐富阁,1
373,华宇苑,1
374,华诺思云尚,2
375,雅图阁,2
376,方圆白云时光,2
377,建南大厦,1
378,交通大院,1
379,保利西子湾,1
380,百事佳新村B区,1
381,武警指挥学院宿舍,1
382,穗和家园,1
383,翰林国际,18
384,方圆明月山溪,177
385,雅居乐小院流溪,219
386,东方夏湾拿,138
387,大城云山,325
388,雅居乐滨江花园,62
389,人盛巴厘天地,674
390,人盛城市假日花园,12
391,紫泉流溪湾,285
392,紫泉翠荔嘉园,314
393,丰盈雅居,9
394,云星钱隆天誉,169
395,温馨家园,4
396,珠江壹城,318
397,星河绿洲,19
398,上城湾畔东区,80
399,御景宏雅花园,45
400,逸泉映翠,63
401,珠光流溪御景,148
402,荔山雅筑,81
403,富力泉天下,358
404,珠光御景山水城,48
405,建宏德怡花苑,9
406,华标荔苑,126
407,名城御景绿洲,69
408,逸泉山庄,149
409,星汇峰,73
410,君源御湖城,161
411,流溪河山庄,14
412,莱茵水岸,35
413,欣荣宏国际商贸城,40
414,爱尚流溪,8
415,宏诚海岸花园,12
416,夏日港湾,28
417,城市印象,31
418,雍禾苑,16
419,上城湾畔C区别墅,10
420,智汇国际,48
421,亿城泉说,6
422,利泰花林湖畔,103
423,侨宏花园,12
424,彩虹苑,15
425,荔林春晓,53
426,内街一巷,3
427,回归路小区,9
428,骏逸湖畔花苑,23
429,康乐东路,8
430,景业荔都,30
431,盛会青云府,10
432,从化怡景楼,11
433,小城大院,4
434,望谷温泉小镇,48
435,红荔新村,2
436,广东动漫城,19
437,逸景雅轩,6
438,上城湾畔B区,57
439,新光百德广场,124
440,宏润天睿,28
441,旺利花苑,3
442,西宁西路,3
443,居礼润园,6
444,海洋广场,9
445,汉中紫薇苑,6
446,广从南路,3
447,岭南首府,12
448,关围新村,4
449,翡翠城,12
450,荔景园(从化区),6
451,都市华庭(从化),3
452,时代名苑,17
453,保利桃花源,10
454,蜜糖苑,6
455,上横南路,5
456,新境界豪廷,9
457,貝月湾,3
458,骏雅名庭,3
459,玫瑰園,3
460,富逸华庭,14
461,俊嘉汇绿名居,3
462,海景居,3
463,智杰花园,3
464,碧溪路,3
465,小海南路,3
466,城内路,3
467,托斯卡纳(从化区),3
468,新村北路市政总公司公寓,3
469,建云西路,3
470,锦绣花园,3
471,新城中路,3
472,東富廣場,6
473,内街,3
474,人盛大厦,9
475,智杰雅筑,6
476,云星夏日南湾,6
477,怡富绿色家园,9
478,蓝田东路,3
479,新时代家园,5
480,环城路,3
481,教育路(从化),3
482,银农楼,3
483,花园路(从化),3
484,西宁中路,3
485,兴丰苑,3
486,珠光云岭湖,3
487,宏润花园,3
488,诚信大厦,3
489,河东北路,4
490,太平花园,2
491,金景楼,2
492,从化商贸城,2
493,光大花园中海锦榕湾,13
494,泊雅湾,7
495,船舶厂宿舍,1
496,华乐苑,7
497,富力千禧花园,15
498,东翠花园金麟台,6
499,保利花园(海珠),33
500,杏坛小区,5
501,保利百合花园,6
502,天鹅湾,8
503,江南花园,12
504,凤安花园,8
505,英豪花园,10
506,珠江帝景苑,56
507,珠江帝景苑合生紫龙府,12
508,保利天悦公寓,33
509,基建新村,4
510,瑞宝花园,7
511,荔福路,5
512,江景苑,6
513,保利海棠花园,2
514,可逸豪苑,7
515,芭堤水岸,9
516,穗发花园,9
517,宝岗大厦,13
518,海印南苑,8
519,富景花园,18
520,下渡路,1
521,中海名都,18
522,金乐大厦,1
523,中山大学宿舍,16
524,嘉仕花园东区,34
525,东晓花苑,2
526,远洋宿舍（晓港）,6
527,顺景雅苑,14
528,广东轻工学院宿舍,2
529,电器研究所,2
530,大江苑南贤大街,3
531,海景阁,4
532,力迅时光里,13
533,江南新苑,19
534,富力银禧花园,23
535,丰盈居,6
536,光大花园榕岸,16
537,中旅侨苑,3
538,珠江广场,18
539,翠馨华庭,11
540,光大花园榕景四季,15
541,海悦大厦,3
542,瀚林水岸,3
543,鸿运花园,13
544,聚德花园,25
545,纵横公寓,7
546,逸景翠园,28
547,柏涛雅苑,8
548,信和广场,4
549,万华花园,12
550,海琴湾,9
551,沙园,8
552,棕榈园,4
553,江湾花苑,3
554,金碧花园第一金碧,26
555,怡安花园,13
556,金碧花园第三金碧,35
557,洪德雅苑,5
558,叠彩园,15
559,嘉鸿花园金玫瑰苑,8
560,金影花园,8
561,沙园大厦,1
562,侨诚花园,13
563,珠江御景湾,6
564,愉景雅苑,20
565,海富花园,9
566,合生颐景华苑,5
567,珠影大院,4
568,悦安花园,3
569,岭南小区,1
570,洪德居,8
571,光大花园,20
572,基立北街四航局宿舍,1
573,琴海居,5
574,宝岗大道,7
575,银山尚橙,4
576,怡雅苑(海珠),8
577,前进路(海珠),12
578,益鹏翠苑,3
579,玫瑰园,7
580,荟翠苑,8
581,杏园小区,4
582,金融街融御,1
583,康怡花苑,4
584,新安街5号-47号(单号)宿舍,4
585,明珠花园(海珠区),18
586,富力金禧花园,5
587,金碧花园第二金碧,21
588,素社新村,20
589,凤凰新村,15
590,保利红棉花园,17
591,罗马家园,19
592,橡胶新村102号大院,4
593,江燕花园,3
594,海洋雅苑,1
595,同福东路,2
596,金碧湾,4
597,南晓苑,7
598,愉景南苑,12
599,祈乐苑,15
600,嘉鸿花园,4
601,昌岗中路,1
602,怡乐路,4
603,龙田西街口机电宿舍,1
604,南方花园,3
605,赤岗二街3-7号,2
606,嘉丽苑,5
607,雅郡花园,11
608,南华花园,8
609,晓园新村晓园新,6
610,晓燕湾,4
611,花城湾畔,4
612,海珠半岛花园,20
613,侨雅苑(海珠区),2
614,昌岗西路,1
615,杏林小区,1
616,龙华苑,2
617,邓岗小区,1
618,翠怡小区,6
619,保利丰花园,6
620,君华江畔豪园,7
621,鸿新苑,2
622,东银广场,8
623,康泰花苑(海珠区),5
624,晓安花园,7
625,草芳苑,7
626,佳滨苑,2
627,兰亭熙园,3
628,晓港湾,23
629,粤安大厦,5
630,穗花新村,14
631,爱都铭轩,2
632,南园居,4
633,凤阳小区,7
634,盈丰华轩,4
635,江南苑,3
636,兰亭颖园,2
637,南丽苑,1
638,江南大道南,2
639,华怡花园,4
640,南箕花苑,5
641,细岗路,2
642,泓景花园,6
643,怡雅居,5
644,同福西路,1
645,南洲名苑,13
646,财智大厦,3
647,翠屏中惠雅苑,4
648,荔福花园,2
649,华标涛景湾,3
650,中港四航局宿舍,4
651,珠光高派华庭,5
652,新鸿花园二期,6
653,中信君庭,6
654,富力现代广场,18
655,华标品峰台,1
656,翠城花园,26
657,明晖苑,1
658,江南雅居,5
659,万翠苑,2
660,心江南,1
661,广发新村,2
662,金盛大厦,3
663,鸣翠花园,5
664,赤岗路97号大院,2
665,金星花园,2
666,双子星城,6
667,丽影华庭C区,2
668,锦丽居,9
669,滨江瑞城,7
670,南洲花苑AB区,13
671,穗宁花园,3
672,南洲花苑C区,2
673,晓园新村晓园东,6
674,昌盛小区,6
675,江南西路,4
676,影城花园,3
677,赤岗苑,11
678,坚真花园,3
679,福景居,2
680,南燕苑,1
681,德怡居,1
682,银业国际公寓,2
683,南珠广场,5
684,绿茵翠庭,5
685,江南美景花园,16
686,金穗雅园,7
687,森语星园,3
688,新怡苑,2
689,金丰花园,7
690,雅景苑,2
691,光大花园水岸榕城,5
692,富江阁,2
693,东兴阁,1
694,逸蓝华庭,2
695,世港花园,2
696,佳大银湾,5
697,燕子岗路,1
698,东华星域,3
699,海新街11-19号宿舍（单号）,1
700,侨诚花园宝通街,3
701,汇美南苑,1
702,锦骏华庭,4
703,洪德路,7
704,天汇大厦,3
705,绿地滨江汇,1
706,荔福小区,2
707,恒洲小苑,1
708,嘉仕花园西区,8
709,和辉花园,7
710,鸿辉阁,3
711,合生广场,1
712,珠江新岸公寓,6
713,雅致花园,1
714,赤岗路89号大院,1
715,海逸花园,6
716,尚领时代,4
717,广纸小区,2
718,会展世界城,4
719,南田路,2
720,南晖苑,2
721,万丰花园,2
722,南景园,3
723,江南大道南水厂宿舍,3
724,保利百合花园二期,5
725,海意名苑,5
726,鸿荣阁,1
727,顺华名庭,9
728,保利天悦花园,6
729,乐居苑,6
730,新理想华庭,4
731,丽景湾,6
732,海洋研究所宿舍,4
733,天立俊园,1
734,中海锦苑,5
735,东翠花园,4
736,怡景湾,3
737,新凤凰后街1-5号大院,1
738,金昌大厦,5
739,侨宏大厦,7
740,中信乐涛苑,6
741,朗晴居一期,2
742,江南大道中,10
743,滨江1933,5
744,穗南大厦,4
745,晓南花园,3
746,工业大道南425号大院,3
747,一棉大院,1
748,广船宿舍,2
749,索丽苑,3
750,信步闲庭,7
751,润南花园,3
752,蓝色快线,6
753,广东教育学院,5
754,恒鑫东和湾,4
755,警官学院,5
756,金海湾花园,3
757,江畔华庭,4
758,利安花园,5
759,南北广场,7
760,米兰苑,5
761,省总工会宿舍,3
762,万科金域华庭,6
763,世纪云顶雅苑,7
764,宝怡阁,4
765,帝景华苑,2
766,蓝色康园,23
767,翔韵雅居,1
768,罗马家园龙禧,2
769,鸣翠花园四期,2
770,大江苑大江冲,1
771,可逸名庭,2
772,佳信花园,5
773,明珠东苑,4
774,新鸿花园一期,4
775,中顺领御公馆,4
776,港务局宿舍,4
777,会展西岸,4
778,凤阳苑,1
779,江南嘉居,2
780,康大路,1
781,广州手表厂宿舍,1
782,金雅苑,20
783,海天花苑,7
784,五一新村,6
785,泰沙路,1
786,南村路,4
787,江丽苑(海珠区),5
788,益丰花园,5
789,松园大厦(海珠区),3
790,滨江水恋,8
791,瑞康路,1
792,经典居,1
793,海琴湾宜利苑,3
794,宏宇广场罗马假日,1
795,滨江东路549号大院,3
796,鹅潭明珠苑,3
797,碧蓝映居,1
798,官洲北苑,5
799,上渡路电信宿舍,3
800,丽海雅居,2
801,万科派,3
802,晓港雅筑,2
803,金穗东苑,5
804,万松园,1
805,红十字会医院宿舍牛奶厂街1号大院,1
806,凤乐雅轩,5
807,鸿富大厦,2
808,粤信广场,5
809,元邦明月园,4
810,名粤广场,1
811,聚龙花园,3
812,荣信大厦,1
813,芳草轩,5
814,畔江花园,3
815,润汇大厦,5
816,南翠苑,3
817,江畔楼,1
818,下渡大街47号大院,1
819,江山国际,3
820,橡胶新村远洋宿舍,1
821,明都华庭泊岸森邻,2
822,中海橡园国际,8
823,海珠花园,1
824,宏宇广场,5
825,中海联同福睿府,4
826,富基广场,15
827,中山二院南院宿舍,1
828,怡龙大厦,3
829,源海御苑,4
830,珠江大家庭花园,4
831,新港商厦,1
832,毛纺小区,1
833,富力尚溢居,1
834,万寿路,2
835,柏蕙花园,8
836,南丰阁,4
837,金豪嘉苑,2
838,江南翠菊园,4
839,汇美景台,6
840,滨江明珠,5
841,瑞康大厦,2
842,骏和大厦,2
843,亿海湾,3
844,东晓花园,1
845,朗晴居二期,3
846,晓港花苑,4
847,信达阳光海岸,1
848,高雅湾,6
849,恒龙苑,3
850,晓园新村晓园南,1
851,可逸家园,2
852,新港西路143号大院,1
853,倚江楼,2
854,兰亭御园,1
855,南轩阁,2
856,怡乐花园,4
857,天誉半岛花园,3
858,丽水庭园,1
859,翠园,2
860,万寿雅苑,2
861,怡海路,1
862,粤昆苑,1
863,明源楼,1
864,穗龙花园,1
865,中广大厦,3
866,小港路,1
867,可逸锦苑,1
868,晓港东一马路,6
869,鹭江富华楼,2
870,东丰阁,2
871,赤岗一街大院赤岗一街,4
872,城市职业学院教工宿舍,1
873,江怡路228号,5
874,保利康桥,2
875,工业大道中377号大院,1
876,弘基广场,3
877,南华西路,3
878,晓怡居,1
879,紫丹阁,3
880,南方花园二期合生帝景国际,1
881,新世界大厦,1
882,星品,1
883,东晓路,4
884,梅园西路,1
885,祥庆花园,1
886,逸华轩,2
887,工业大道北,2
888,宝岗路,2
889,同福中路,3
890,荣德阁,1
891,革新路,2
892,怡龙苑,2
893,星御翠园,1
894,碧海大厦,1
895,新滘医院宿舍,1
896,丽景花苑,1
897,和平家园,4
898,海傍居,1
899,光华小区,1
900,大江苑夏沙巷,2
901,听涛雅苑,2
902,天心宿舍,1
903,光大花园和榕风景,2
904,缝纫机厂宿舍,2
905,嘉银华庭,1
906,南洲路695-733号宿舍（单号）,1
907,荟贤大厦,1
908,汇源小区(海珠区),1
909,远锋大厦,3
910,海康小区,1
911,同福东路田心坊,1
912,浪琴居,1
913,新港西路,1
914,康隆苑,1
915,蝶翠新居,3
916,花季华庭,1
917,同福中路联鹤大街,1
918,富力顺意花园,4
919,蟠龙花园,2
920,石岗路34号大院,4
921,海天大厦,1
922,江怡路,1
923,基立大厦,2
924,滨江东路(海珠),2
925,荣校大院,1
926,大学印象,2
927,东晓大厦,1
928,电子七所大院,1
929,敦和路225-243号宿舍（单号）,2
930,星海明珠,1
931,领江壹号,1
932,琶洲新村,1
933,华保花园,1
934,富力朗逸轩,2
935,轻工手表厂宿舍,1
936,天海庭,2
937,晓港东马路,1
938,丽影华庭B区,1
939,海逸半岛,1
940,泰沙路733号-739号宿舍(单号),1
941,梅园阁,1
942,聚雅苑,1
943,紫金楼,1
944,新业路20-42号（双号）,3
945,佳兆业君汇上品,1
946,景致花园,2
947,云锦居,1
948,德盛苑,1
949,榕苑,1
950,跃进新村,1
951,昌龙苑,1
952,南华东路,1
953,敦和法院宿舍,1
954,动感华庭,2
955,金紫里北街机电大院,2
956,敦和花园,3
957,敦和商务公寓,1
958,丽园雅庭,1
959,赤岗二街1号大院,1
960,利海假日轩,1
961,龙祥大厦,1
962,江南大道北,2
963,群星苑,2
964,赤岗三街17至23号小区,2
965,侨燕苑,1
966,荔海鸣蝉花园,1
967,时代廊桥,1
968,君晖苑,1
969,加怡花园,2
970,好信广场,1
971,富泽园,2
972,金汇花园,1
973,工业大道中,1
974,东晓苑,1
975,南天阁,1
976,豪利花园,55
977,雅居乐万科热橙,20
978,雅居乐御宾府,5
979,中房观湖国际,15
980,西苑小区,5
981,钻石豪庭,6
982,南华时代城,79
983,雅居乐雍华廷二期,15
984,大运家园,19
985,天马河壹号一期,32
986,俊怡云山御居,17
987,富丽花园,20
988,华景雅苑德维轩,2
989,凯旋门,8
990,智烨山水豪庭,27
991,南航碧花园D区,4
992,云峰学府花园,17
993,雅居乐锦城花冠集,25
994,富力金港城东区,68
995,金碧御水山庄,27
996,花都阳光家园,5
997,美力花园,8
998,云峰花园4期,21
999,嘉信华庭,9
1000,天马丽苑二期,98
1001,尚品雅居领秀,6
1002,祈福辉煌台,80
1003,路劲天隽峰,21
1004,祈福天龙苑,64
1005,鼎信四季花园,10
1006,天马河壹号五期,15
1007,新晖朗悦居,5
1008,保利高尔夫郡,50
1009,保利花城花园,17
1010,广州市花都区秀全中学宿舍,2
1011,新鸿基御华园,22
1012,骏威锦东花园A区,14
1013,宝铼雅居,52
1014,锦尚蓬莱苑,14
1015,凤华路,2
1016,侨苑小区(花都区),2
1017,福虹阳光美地,11
1018,雅宝新城亚瑟公馆,13
1019,腾步大厦,2
1020,凯旋国际,7
1021,元邦山清水秀,11
1022,花都美景花园,2
1023,航都花园,13
1024,万科天景花园,45
1025,侨滨苑,2
1026,绿地新里缇香公馆,7
1027,雅居乐锦城花漾集,14
1028,广州融创文旅城B1区,25
1029,雅宝新城英伦世家,14
1030,广州融创文旅城B3区,13
1031,文苑小区,4
1032,颐和盛世,35
1033,富力金港城南区,10
1034,致岭假日花园,10
1035,友田翡翠华庭,3
1036,祈福生活无限,9
1037,田美小区,3
1038,广州融创文旅城A3区,10
1039,合和新城,40
1040,天湖峰境,27
1041,骏威广场,19
1042,花城悦翠园,3
1043,祈福万景峰,21
1044,广州融创文旅城A2区,21
1045,自由人花园,49
1046,广州融创文旅城A1区,14
1047,学府南苑,16
1048,保利城花园,87
1049,怡雅花园,17
1050,翠华花园,29
1051,荣翠轩,7
1052,雅致苑,2
1053,银菊花小区,6
1054,日昌豪苑,5
1055,芙蓉春晓,21
1056,富力金港城北区,26
1057,雅宝新城,6
1058,湖畔花园,10
1059,祈福聚龙堡,2
1060,南华广场,2
1061,银珠苑小区,2
1062,骏威锦东花园B区,10
1063,南航花园,18
1064,云峰花园1期,17
1065,东骏花园,9
1066,梅园新村(花都区),2
1067,美雅苑,3
1068,骏怡居,2
1069,碧桂园假日半岛鸟语花香,2
1070,华南路,5
1071,美域华庭,4
1072,阳光雅居,5
1073,永星景苑,9
1074,花都颐和山庄,4
1075,华侨花园,3
1076,荣芳楼,2
1077,新都雅居,4
1078,朗悦君廷,13
1079,五洲花园,2
1080,万虹花园,17
1081,馨泉花园,2
1082,建设北路,6
1083,广州融创文旅城商务公寓,3
1084,碧桂园空港国际,7
1085,锦鹏苑,4
1086,澳景蓝庭,3
1087,新都城市花园,8
1088,摩登华雅轩,3
1089,美阁花园,4
1090,雅居乐雍逸豪庭,5
1091,艺景明苑,7
1092,逸贤苑,3
1093,金华花园,8
1094,新源雅居,5
1095,杏林花园,7
1096,银星花园,9
1097,公园前路,3
1098,永大新城,15
1099,秀全大道,2
1100,天马河壹号,13
1101,豪骏名苑,8
1102,骏威锦东花园C区,9
1103,勤天一品树院,13
1104,狮峰花园,3
1105,美林轩逸时光,10
1106,云峰花园3期,4
1107,碧桂园联合广场,2
1108,天马河国际公馆,15
1109,骏辉园,6
1110,祈福都会花园,16
1111,小城之春雅居,4
1112,好美嘉园,13
1113,秀全苑,2
1114,深航御花园,2
1115,金都花园,13
1116,金河湾花园一期,4
1117,恒辉小区,4
1118,紫薇丽都,4
1119,宏城大厦,2
1120,怡翠苑,8
1121,碧泰豪苑,13
1122,雅宝新城雅宝名居,11
1123,花都银燕大厦,19
1124,翠景苑(花都),2
1125,翠华绿茵苑,6
1126,逸泉韵翠花园,33
1127,玖珑湖悦源庄,3
1128,达明阁,2
1129,花都富豪山庄,3
1130,路劲隽悦豪庭一期,3
1131,碧桂园假日半岛映翠苑,6
1132,锦尚名苑,7
1133,雅宝新城名门世家,17
1134,金色华庭,4
1135,百合豪园,9
1136,朗庭雅居,4
1137,雅居乐雍华廷一期,6
1138,桂园楼小区,3
1139,金鹏花园,4
1140,美力百富雅苑二期,5
1141,尚品雅居悦庭,4
1142,半山茗苑,5
1143,云港花园,5
1144,岭南公馆,5
1145,阳光倚翠,3
1146,东悦雅苑,3
1147,嘉汇城一期,11
1148,保利高尔夫郡水晶宫寓,4
1149,百合雅居,5
1150,云珠花园,7
1151,富银路,3
1152,永愉花园,9
1153,建设路(花都区),5
1154,华盛新村,2
1155,华贵苑,4
1156,雅乐苑,3
1157,金穗华庭,3
1158,美力盈彩花苑,11
1159,时代美居,3
1160,公园前9号小区,2
1161,友田茗轩,5
1162,狮城苑,4
1163,班芙小镇,4
1164,宜华居,4
1165,金狮华庭,5
1166,友田朗逸雅居,6
1167,友田碧云轩,2
1168,华都新村,3
1169,雅居乐锦城花锦集,3
1170,天马河壹号四期,14
1171,嘉逸华庭,13
1172,路劲隽悦豪庭二期三期,5
1173,新都花园,2
1174,红菊花大厦,2
1175,金融街花溪小镇,6
1176,保利翡翠山,4
1177,在水一方,2
1178,狮峰公馆,12
1179,经济贸易职业技术学校,2
1180,平福小区,2
1181,华天大厦,5
1182,雅居乐锦城花间集,8
1183,金福馨庭,2
1184,花城路,5
1185,风神公社,10
1186,粤兴苑,7
1187,新景豪苑,3
1188,钻石豪园,1
1189,芷兰苑,1
1190,星缘美居,8
1191,阳光阁,1
1192,嘉豪雅苑,1
1193,雅兰苑,2
1194,万科兰乔圣菲,4
1195,花城苑,6
1196,花都西雅苑,5
1197,雄炜大厦,3
1198,永发大厦(花都),5
1199,玖珑湖悦沐庄,2
1200,雅居乐锦城花语集,5
1201,景园小区,1
1202,馨庭花园,3
1203,雅图奥园,1
1204,花都紫薇花园,1
1205,花都雅怡花园,2
1206,君兰苑,1
1207,桃花源,1
1208,华侨商业城,1
1209,南航碧花园月亮湾,1
1210,绿景苑,1
1211,南华苑,1
1212,花都站前路,1
1213,俊怡御景花园,6
1214,新城市花园,2
1215,金辉花园,2
1216,永发小区,2
1217,芙蓉绿茵豪苑,1
1218,鸿华干部楼小区,1
1219,金花园小区,1
1220,科技楼,2
1221,幸福花苑,1
1222,丽景大厦,3
1223,民盛楼,1
1224,骏辉雅苑,4
1225,豪逸名苑,2
1226,商业大道,4
1227,恒昌福邸,1
1228,华美苑,1
1229,雅居乐·岭会,5
1230,云山大道,2
1231,金联市场,2
1232,宾馆新村,1
1233,银雅华庭,3
1234,怡康花园(花都),2
1235,新华路,5
1236,隆晖苑,2
1237,怡尚雅居,2
1238,全鸿花园,1
1239,鸿雅轩,1
1240,花都紫荆苑,1
1241,花都雅景苑,5
1242,双赢如家公寓,3
1243,尚品雅居花荟,3
1244,远洋芙蓉墅,2
1245,紫光园,6
1246,建设北路114-1号,1
1247,农业大院,2
1248,胡忠大厦,2
1249,溢盈湖畔别墅,2
1250,宝华路(花都),1
1251,工业大道31号,1
1252,狮城新村,2
1253,花都晓翠苑,4
1254,明珠苑,1
1255,置业楼,1
1256,马鞍山一号,1
1257,东城花园,3
1258,宝裕苑,1
1259,雅乐轩,1
1260,华芳花园,2
1261,狮岭宝峰豪庭小区,1
1262,景雅轩,1
1263,云峰花园2期,1
1264,金豪雅苑,1
1265,雅图花园,1
1266,永福大厦,1
1267,嘉都汇,2
1268,都湖国际,2
1269,翡翠小区,1
1270,文化馆小区,2
1271,松园大道,1
1272,粤华小区,3
1273,银雅轩,2
1274,美力锦颐雅居,1
1275,丽景楼,1
1276,松园大道12号之四,1
1277,鸿翠阁,1
1278,大华一路,1
1279,松园里小区,1
1280,广发行小区,1
1281,农新路,1
1282,时代康桥,2
1283,京仕广场,1
1284,鸿基楼,1
1285,益登华庭,1
1286,碧桂园假日半岛映月湾,1
1287,京仕国际公寓,2
1288,雅豪苑,1
1289,桂华楼小区,1
1290,悦涛雅苑,10
1291,怡港花园,44
1292,佳兆业城市广场,85
1293,荔景园(黄埔区),4
1294,万科金色梦想,58
1295,时代天韵,53
1296,乙烯大院,10
1297,万科里享家,26
1298,实地常春藤,133
1299,保利罗兰国际,12
1300,万科幸福誉,66
1301,万科城市花园,27
1302,万科新里程,30
1303,万科城,13
1304,金碧领秀国际,25
1305,中鼎君和名城,11
1306,万科东荟城,108
1307,保利香雪山花园,10
1308,怡园小区,19
1309,合景天峻广场,68
1310,金碧世纪花园,46
1311,宏康花园四期康慧苑,12
1312,祥辉苑,1
1313,科城山庄锦泽园,15
1314,珠江嘉园,94
1315,万科尚城,4
1316,金融街融穗御府,15
1317,丰乐小区91号大院,3
1318,奥园春晓,31
1319,中海誉城北苑,12
1320,丰逸尚居,20
1321,黄埔花园,42
1322,保利学府里,21
1323,宏康花园五期宏康东筑,37
1324,龙光峰景华庭,83
1325,黄埔新村黄埔雅苑,7
1326,港湾路,6
1327,泰景花园东城华庭,11
1328,泰景花园,23
1329,保利林语山庄,21
1330,宏康花园三期建鑫苑,10
1331,东城雅苑,27
1332,宝能文化广场,12
1333,保利越秀岭南林语,45
1334,新福港鼎峰,8
1335,东苑小区,10
1336,中海誉城南苑,44
1337,科城山庄峻森园,14
1338,广州绿地城,51
1339,大沙地东路,3
1340,黄埔万科中心,37
1341,越秀岭南雅筑,3
1342,富域尚品居,3
1343,凯信东方华庭,14
1344,宏康花园宏康和园,12
1345,宏康小筑,3
1346,科城山庄,9
1347,万科金色悦府,20
1348,富力悦禧花园,28
1349,东港花园,9
1350,越秀保利爱特城,46
1351,时代春树里,45
1352,万科山景城,25
1353,奥园香雪公馆,12
1354,金隆园,5
1355,梅园小区长洲路,1
1356,越秀岭南山畔,16
1357,骏鸿花园,4
1358,银丰花园,10
1359,丰乐小区77号大院,2
1360,峰湖御境,21
1361,水韵翔庭,4
1362,榕景园,4
1363,港监宿舍,1
1364,港湾一村,7
1365,大壮国际广场,2
1366,雅居乐富春山居,31
1367,锦林山庄,12
1368,萝岗敏捷广场,26
1369,天伦东时区,6
1370,沁园,2
1371,省电力一局,9
1372,锐丰中心,10
1373,金逸雅居,16
1374,鹤林苑,5
1375,港湾五村,2
1376,冶炼厂宿舍,4
1377,石化生活区,22
1378,机关村,2
1379,飞晟文汇,10
1380,宝夏花园,3
1381,腾飞园中新里,25
1382,天虹花园,7
1383,墩美小区,8
1384,金丽园,1
1385,荔园小区,17
1386,美悦湾,6
1387,萝岗奥园广场,8
1388,佳兆业未来城,3
1389,普晖村,11
1390,蟹山远洋宿舍,1
1391,祥辉广场,6
1392,文冲商贸大厦,4
1393,丰乐小区,2
1394,萝岗明珠广场,1
1395,黄埔新村一期,5
1396,海关大院,13
1397,鱼木小区,4
1398,鸿森大厦,3
1399,明汇轩,6
1400,金港花园（金堂楼/金满楼),6
1401,悦时代花园心悦湾,5
1402,益庭阁,1
1403,珠冶小区,1
1404,东澳广场,10
1405,新世纪花苑,6
1406,龙光香悦山,1
1407,青年路,4
1408,利丰大厦,7
1409,绿苑楼,2
1410,海安小区,4
1411,奥园香雪华府,5
1412,金碧小区,1
1413,省机施大院,1
1414,信达大厦,3
1415,汇丽国际,4
1416,文船生活区东区,8
1417,海校航专宿舍,2
1418,宏康花园六期明悦居,4
1419,宏康花园一期,4
1420,荔香花园,13
1421,康大龙祥汇,1
1422,万科里享水韵,5
1423,宏康花园二期康晖苑,5
1424,华燊大厦,4
1425,梅园小区一区,1
1426,兴普紫园,1
1427,广州绿地中央广场,2
1428,蔚蓝大厦,2
1429,文船生活区西区,8
1430,万科城市之光,1
1431,乐苑小区,2
1432,中泰天境,1
1433,梅园小区二区,1
1434,尚品华庭,6
1435,东城国际大厦,1
1436,新景楼(黄埔区),3
1437,新安苑,1
1438,四海生活区,1
1439,盛景大厦,4
1440,鸿中楼,1
1441,港湾三村,2
1442,君合雅居,1
1443,萝岗金晖苑,5
1444,南康新村,1
1445,文船生活区新东区,2
1446,丰乐小区111号大院,5
1447,怡德苑(黄埔),1
1448,火电厂宿舍,1
1449,骏鸿苑,1
1450,港湾西四街66号大院,1
1451,海员路,1
1452,解放村,2
1453,光复北路,17
1454,红棉苑南区,35
1455,华发荔湾荟,50
1456,富力路,3
1457,恒宝华庭,10
1458,西门口广场,16
1459,富力环市西苑,34
1460,荔怡中心,4
1461,富力新居,17
1462,鸿图苑,64
1463,流花华侨新村,8
1464,逸翠湾,28
1465,龙湾广场,13
1466,荔湾路,14
1467,珠岛花园,136
1468,黄沙大道,8
1469,金花小区,34
1470,桥东小区,38
1471,保利塞纳维拉,74
1472,荔港南湾,103
1473,新丽苑,16
1474,誉领轩,2
1475,新世界凯粤湾,212
1476,恒荔湾畔,52
1477,中山七路,14
1478,泰安楼,4
1479,西场电器城,12
1480,宝华路(荔湾),6
1481,保利公园九里,76
1482,金兰苑,69
1483,五芳苑,12
1484,景晖苑(荔湾区),12
1485,中铁荔湾国际城,46
1486,西关大厦,10
1487,金道花园,42
1488,新世界逸彩庭园,119
1489,福州路,4
1490,城启晴轩,13
1491,路劲隽泷湾,55
1492,南源花园,9
1493,裕兴苑,4
1494,幸福新村,8
1495,隆城大厦,2
1496,芳华阁,14
1497,荔湾广场,18
1498,合兴苑,45
1499,文昌雅居,8
1500,悦江上品苑,19
1501,如意阁,6
1502,龙津西路,7
1503,怡芳苑,32
1504,金宇花园,45
1505,康王北路,6
1506,恒利翠竹苑,31
1507,万科柏悦湾,58
1508,乐怡居,24
1509,花地城广场,20
1510,花语水岸,35
1511,小康人家,20
1512,祥兴新村,10
1513,岭南湾畔,30
1514,丰年华庭,6
1515,万科金域华府,5
1516,业丰花园,13
1517,周门小区周门西街,16
1518,田间苑小区,6
1519,东鹏花园二期,4
1520,流花路39号大院,4
1521,远东御江豪庭,4
1522,富力广场T区,15
1523,宏新华庭,6
1524,长寿西路,2
1525,元邦明月星辉,10
1526,华福大厦,10
1527,文昌花园,8
1528,文昌南路,14
1529,桃源社区,4
1530,名汇商业大厦,8
1531,市政东苑,6
1532,骏业阁,16
1533,荔湖明苑,18
1534,周门小区周门街,12
1535,侨康大厦,5
1536,龙津华府,7
1537,富力广场D区,15
1538,荔新大厦,4
1539,周门小区中兴苑,10
1540,万科金色荔苑,4
1541,元邦明月水岸,25
1542,长乐花苑二期,11
1543,富力广场A区,6
1544,红棉苑北区,13
1545,芳村大道西,40
1546,力诚欣悦湾,12
1547,富力唐宁花园,12
1548,西关海,18
1549,万科金色康苑,9
1550,荔港南湾H区,7
1551,新光城市广场,20
1552,十八甫南路,4
1553,果品公司宿舍,2
1554,耀华社区耀华三约,2
1555,美荔心筑,7
1556,芳华苑,12
1557,站前路(荔湾),8
1558,葛洲坝保利曼城,4
1559,芳泰花园,10
1560,广钢鹤平小区,10
1561,龙锦大厦,6
1562,西湾路,11
1563,逢源路,3
1564,西华苑,8
1565,龙津大厦,6
1566,康乃馨苑,30
1567,和平新村,8
1568,辉洋苑,16
1569,汇鑫阁,12
1570,富邦大厦,6
1571,华贵路,6
1572,南岸路,4
1573,宝盛园,11
1574,耀华社区存善北街,2
1575,荔景华庭,6
1576,周门小区周门南路,4
1577,富凯星堤,4
1578,中信苑,8
1579,华康居,6
1580,西湾苑,10
1581,富力广场B区,16
1582,泰兴苑,4
1583,珠光御景壹號,2
1584,永安居,8
1585,富力君湖华庭,19
1586,金湾明珠,12
1587,汇城花园,8
1588,文苑楼,6
1589,芳雅苑,8
1590,和平南小区,12
1591,盛大蓝庭,10
1592,东鹏花园三期,17
1593,世纪广场,12
1594,东浚荔景苑,30
1595,西湾东路,8
1596,金信大厦,4
1597,流花君庭,4
1598,花地河湾,24
1599,鹅潭湾,4
1600,洞企石路,4
1601,远大芳华都汇,10
1602,邦华星际广场一期,17
1603,福盛花苑,22
1604,万兴苑（荔湾）,25
1605,人民中路,4
1606,芬芳小区,40
1607,广钢观鹤小区,18
1608,芳园居教师新村,21
1609,湖景阁,6
1610,芳村花园,56
1611,蓬莱花园,14
1612,环市西路,6
1613,文安花苑,2
1614,丽安大厦,16
1615,丽和华庭,8
1616,茶滘新村,14
1617,港丰大厦,16
1618,沙涌新村,9
1619,金鹤苑,15
1620,彩虹大厦,4
1621,贵贤上品,4
1622,塞坝路,8
1623,万科海上传奇,16
1624,站前横路,4
1625,粤电花园,4
1626,四季花园,30
1627,嘉茗华庭,6
1628,珠江金茂府,2
1629,怡福花园,12
1630,东安苑,16
1631,环翠园,22
1632,广船鹤园小区,35
1633,富力广场北区,2
1634,龙津花园,2
1635,荔江美筑,13
1636,富力广场S区,10
1637,成诺雅居,2
1638,富力盛悦居,2
1639,怡康苑,8
1640,乌石墩小区,12
1641,伟腾阁,4
1642,龙津东路,16
1643,中山八路,10
1644,下九路,2
1645,耀华社区存善西街,4
1646,郭村小区,14
1647,兴和阁,4
1648,龙泉居,6
1649,天侨阁,4
1650,南京路14号大院,4
1651,长寿东路,2
1652,府前阁,8
1653,光复中路,8
1654,周门小区周门北路,8
1655,沙面,2
1656,金平大厦,4
1657,站西路,4
1658,金达阁,6
1659,翠荷轩,6
1660,新锦龙大厦,4
1661,茶滘路10-30号小区,14
1662,西增路,2
1663,龙湾贰号,8
1664,文昌北路,2
1665,兴东路,8
1666,茂林苑,6
1667,怡花阁,2
1668,润盛花苑,11
1669,兰兴苑,8
1670,隆庆小区,10
1671,龙湾小区,2
1672,万盛苑,7
1673,司法大厦,10
1674,惠城花园,6
1675,金花苑,4
1676,省中医院宿舍,4
1677,荔情居,6
1678,芳建宿舍,10
1679,园林局宿舍,18
1680,流花路,4
1681,中海锦汇华庭（A区）,26
1682,六二三路,2
1683,接龙里小区,8
1684,丛桂路,6
1685,华丽苑,17
1686,香料厂宿舍,12
1687,荔尚国际,6
1688,宝源路,2
1689,中海花湾壹号（C区）,2
1690,广雅居,6
1691,中海锦御华庭（B区）,6
1692,上九路,2
1693,安富花园,6
1694,荷柳苑,4
1695,鹤洞路,2
1696,芳村大道东,2
1697,兴东阁,8
1698,广雅路,2
1699,陈岗路,2
1700,宏天楼,6
1701,钢琴厂宿舍,2
1702,光复大厦,2
1703,谊园小区,4
1704,祥日苑,2
1705,桥兴苑,2
1706,耀华社区安华里,2
1707,金翠苑,4
1708,逢源大厦,6
1709,多宝华厦,6
1710,十八甫路,2
1711,春蕾苑,2
1712,金奴大厦,6
1713,杨巷路,4
1714,桥中花园,2
1715,花蕾路,2
1716,康王阁,4
1717,荔京阁,6
1718,旭日大厦,16
1719,耀华社区耀华西街,2
1720,龙津世家,2
1721,东鹏花园一期,6
1722,宝华豪庭,4
1723,万和苑,15
1724,荔华楼,2
1725,逢源轩,2
1726,何济公大厦,4
1727,加怡大厦,10
1728,大鹏花园,2
1729,桥东大厦,12
1730,知道园小区,2
1731,牡丹阁,6
1732,带河路,2
1733,耀华社区存善正街,2
1734,红楼泳场宿舍,4
1735,广钢鹤翔小区鹤翔里,2
1736,合兴大厦,2
1737,芳景阁,3
1738,丽馨庭,2
1739,美华中学教师宿舍,3
1740,荔湾雅居,2
1741,文辰阁,2
1742,第十甫路,2
1743,穗芳阁,2
1744,丰隆轩,2
1745,心悦阁,4
1746,区府宿舍,3
1747,北大资源博雅1898,2
1748,维雅苑,2
1749,鹤洞路山顶,2
1750,广东省输变电工程公司上村小区,2
1751,蓬莱路,2
1752,皇上皇大厦,4
1753,芳信路中医院宿舍,2
1754,多宝路,2
1755,紫莱苑,7
1756,茶滘路,1
1757,鹤景楼,1
1758,鹤苑小区,1
1759,保利西悦湾,2
1760,恒润阁,2
1761,电业大院,1
1762,明桂苑,1
1763,茶滘公寓,2
1764,双喜大厦,1
1765,荔雅阁,1
1766,金门大厦,2
1767,和乐大厦,1
1768,南沙奥园,36
1769,万科府前一号,38
1770,阳光城丽景湾,49
1771,南沙大都汇,17
1772,南沙玫瑰花园,2
1773,南沙碧桂园,83
1774,广州时代云图,21
1775,叠翠峰,44
1776,碧桂园天玺湾,141
1777,中惠璧珑湾,5
1778,越秀滨海珺城,41
1779,凯德新玥,49
1780,南沙碧桂园豪庭,24
1781,时代长岛,24
1782,碧桂园蜜柚,43
1783,海力花园,43
1784,南沙涉外公馆,7
1785,南沙保利城,13
1786,越秀滨海悦城,17
1787,南沙境界家园,66
1788,南沙裕兴花园,3
1789,大岗翡翠蓝湾北区,28
1790,时代南湾,111
1791,越秀滨海隽城,35
1792,南沙珠江湾,29
1793,晴海岸,13
1794,龙光棕榈水岸北区,27
1795,南沙金茂湾,133
1796,广晟海韵兰庭,40
1797,南沙云山诗意,4
1798,南沙湾东苑,40
1799,越秀滨海御城,13
1800,逸涛雅苑,10
1801,明珠花园(南沙区),14
1802,龙光棕榈水岸南区,28
1803,海璟奥园,24
1804,优山悦海,34
1805,南沙万达广场,43
1806,中大城,11
1807,越秀滨海新城,3
1808,万科南方公元,10
1809,南沙心意华庭,16
1810,双晖轩小区,2
1811,中环华庭,1
1812,南沙万地雅涛阁,9
1813,逸涛半岛,3
1814,南沙城,11
1815,创鸿嘉园,33
1816,丰庭花园,47
1817,保利星海小镇,6
1818,锦江苑二期,1
1819,广州星河丹堤,19
1820,珠光南沙御景,10
1821,南沙滨海花园,7
1822,茗荔雅苑,1
1823,滨海水晶湾,4
1824,星河山海湾,2
1825,皇家花园,7
1826,海棠花园(南沙),5
1827,潭洲博爱商场,1
1828,丽雅明苑大厦,1
1829,南沙翡翠公馆,3
1830,南沙金湾,12
1831,滨海半岛,3
1832,大岗兴业花园,1
1833,悠山时光,14
1834,大岗绿庭雅苑,2
1835,誉名苑,1
1836,美福花园,5
1837,中海联南沙国贸中心,4
1838,富力天海湾,11
1839,阳光城丽景湾熙然府,1
1840,大岗翡翠蓝湾东区,5
1841,广晟圣淘沙,7
1842,阳光城香缇溪岸,4
1843,星河盛世,5
1844,大岗翡翠蓝湾南区,1
1845,广隆村,2
1846,富佳花园,7
1847,越秀国际总部广场,2
1848,紫茗花园,3
1849,珠江源昌花园,2
1850,长江数码花园(南沙),1
1851,新地路8号,1
1852,优山美墅,1
1853,瀚成华府,1
1854,大岗翡翠蓝湾西区,2
1855,南沙·富力唐宁,2
1856,名苑别墅,1
1857,大岗瑞华大厦,1
1858,东濠大厦,2
1859,敏捷君御国际,15
1860,阳光城丽景湾领悦,1
1861,中交汇通中心,11
1862,越秀滨海汇,6
1863,奥园中环广场,3
1864,星河壹号公馆,2
1865,香江国际金融中心,1
1866,中国铁建环球中心,2
1867,锦绣生态园,23
1868,尚上名筑二期,11
1869,华侨城(番禺),37
1870,广州碧桂园雅苑,8
1871,新城市宜家,2
1872,江南新村,17
1873,怡乐园(番禺),9
1874,大北路,3
1875,南国奥林匹克花园,52
1876,祈福新村绿怡居,9
1877,东怡新区东景园,5
1878,祈福新村祈福名都,21
1879,番禺海伦堡,5
1880,石桥新村,6
1881,祈福新村倚湖湾,18
1882,自在城市花园一二期,17
1883,东华花园,14
1884,丹桂园,3
1885,富豪山庄,27
1886,广州奥林匹克花园,28
1887,广地花园,18
1888,亚运城媒体南村,6
1889,金山谷四期,14
1890,東海花園,14
1891,祈福新村A区,14
1892,今日丽舍,11
1893,福景园,3
1894,万科欧泊,36
1895,桥虹花园,3
1896,祈福新村C区,21
1897,锦绣银湾,19
1898,番禺人民医院宿舍,2
1899,钟村商贸城,3
1900,祈福缤纷汇,20
1901,谷围新村,1
1902,丽江花园康城居,11
1903,南苑大厦,2
1904,西城花园,11
1905,海滨花园,12
1906,广州雅居乐花园雅逸庭,13
1907,海龙湾,21
1908,禺华园,1
1909,如意花园,3
1910,祈福新村康怡居,28
1911,广州雅居乐花园剑桥郡,51
1912,祈福新村湖景居,25
1913,康裕北苑,2
1914,东湖洲花园1区,9
1915,昊龙花园南区,7
1916,番禺万达广场,2
1917,富丽家园永富楼,2
1918,祈福新村山泉居,12
1919,丽江花园星海洲,11
1920,华南碧桂园翠山蓝天苑,25
1921,侨丰苑,2
1922,广州碧桂园美苑,8
1923,广州星河湾荟心园,13
1924,康富花园,5
1925,来福苑,4
1926,祈福新村海晴居,16
1927,万科金色城品,2
1928,祈福新村青怡居,28
1929,友谊大厦,1
1930,锦绣香江花园山水园,8
1931,东秀园,3
1932,锦绣香江花园山水华府,19
1933,广州碧桂园乐苑,3
1934,亚运城技术官员村,14
1935,富丽广场,9
1936,东方白云花园,19
1937,金山谷八期,2
1938,喜运楼,1
1939,南浦海滨花园,7
1940,亚运城媒体北村,9
1941,绿庭雅苑,6
1942,庄士映蝶蓝湾,13
1943,江丽苑(番禺区),1
1944,德安新村,1
1945,祈福新村E区,3
1946,田心社区,4
1947,金沙湾花园,9
1948,丽景花园,1
1949,东沙小区,2
1950,氮肥厂宿舍,4
1951,裕丰新村,2
1952,鸣翠苑,6
1953,华苑楼,4
1954,祈福新村倚湖湾二期,1
1955,番安宿舍,1
1956,雅居乐锦官城雍容南台,3
1957,锦绣半岛西区,19
1958,广州雅居乐花园一尺山居,18
1959,康乐园,5
1960,新月明珠花园,10
1961,丽江花园华林居,7
1962,工业路,2
1963,广州雅居乐花园新地沁园,4
1964,华南新城南区,17
1965,保利香逸花园,4
1966,广州星河湾赏心园,6
1967,雅澜苑,4
1968,祈福新村天湖居,12
1969,鸿城花园,5
1970,大东路,2
1971,鸿基花园,3
1972,祈福新村倚云居,10
1973,顺德碧桂园芷兰湾,10
1974,倚莲半岛花园,20
1975,瑞和园,2
1976,广州雅居乐花园雅悦庭,5
1977,丽江花园德荫楼,3
1978,市桥大南路,2
1979,亚运城天成2区,7
1980,尚东尚筑,17
1981,北丽园,12
1982,汇庭雅苑,1
1983,捷进中路,2
1984,番禺奥林匹克花园,8
1985,朗陶居,7
1986,水韵蓝湾南区,3
1987,珑翠花园,5
1988,东兴苑,3
1989,锦绣半岛金月湾,13
1990,锦绣香江花园第8期,4
1991,尚上名筑三期,8
1992,侨联社区新城区,2
1993,锦绣生态园趣园,18
1994,康泰花园(番禺区),1
1995,富丽家园百乐园,3
1996,丽江花园左岸,15
1997,富丽家园福泰园,2
1998,富丽家园永达大厦,1
1999,金山谷二期,4
2000,广州碧桂园华苑,10
2001,桥福园,11
2002,自在城市花园三期诺德名都,11
2003,祈福新村晓峰园,11
2004,富丽家园莲芳园,8
2005,广州雅居乐花园十年小雅,5
2006,番禺海伦堡花样年华三期,3
2007,富丽家园凯跃大厦,1
2008,华荟明苑,5
2009,芳华花园洛湖居,21
2010,亚运城天誉,18
2011,美心东苑,7
2012,华南碧桂园翠云山,10
2013,华南碧桂园漾翠苑,8
2014,尚上名筑一区,7
2015,亚运城天成,15
2016,祈福新村翠怡居,11
2017,富丽家园富海居,1
2018,珠殿苑,8
2019,顺德碧桂园东苑,5
2020,广州雅居乐花园雕刻时光,1
2021,冶金技术学校宿舍,1
2022,富丽家园富泽居,4
2023,富丽家园东发楼,1
2024,江南大厦,1
2025,星尚花园,3
2026,锦绣香江花园紫荆园,8
2027,锦绣香江花园紫藤园,1
2028,金业花园,1
2029,越秀可逸阳光,4
2030,广州雅居乐花园天域锦园,6
2031,莲花湾畔花园,1
2032,丽江花园丽彦楼,5
2033,祈福新村迎风阁,3
2034,番禺海伦堡御院,7
2035,信业悦都荟,3
2036,番禺海伦堡花样年华一期,2
2037,洛溪长大公司,4
2038,富丽家园三和大厦,3
2039,华发明苑,1
2040,恒盛花园,3
2041,广州碧桂园翠苑,3
2042,奥园城市天地,3
2043,荷景花园六区,2
2044,海怡花园,1
2045,吉祥楼,3
2046,石碁城市花园,6
2047,平康苑,3
2048,康裕园,13
2049,温馨里,8
2050,丽江花园丽波楼,4
2051,莲港城,1
2052,华进明苑,1
2053,祈福新村D区,7
2054,广州星河湾畅心园,1
2055,吉祥北园C区,4
2056,珠江花园,14
2057,丽江花园丽茵楼,3
2058,丽江花园丽荃楼,4
2059,滨江绿园,9
2060,丽江花园如英居,6
2061,华南碧桂园岭御苑,6
2062,富丽家园富昌花园,6
2063,东方花园3区,4
2064,华南碧桂园叠翠苑,2
2065,芳华花园洛涛居北区,4
2066,东怡新区东倩园,4
2067,富丽家园福宁园,6
2068,鸿禧华庭,13
2069,广州碧桂园丽苑,9
2070,美心翠拥华庭二期,3
2071,融穗澜湾,4
2072,鸿福花园(番禺),1
2073,荷景花园一区,5
2074,华南碧桂园翡翠苑,3
2075,富丽家园锦华楼,1
2076,侨基花园,5
2077,祈福水城,14
2078,北城雍雅园,1
2079,建桥大厦,3
2080,保利亚奥北苑,12
2081,星晨时代豪庭,1
2082,芳华花园洛涛居南区,9
2083,星汇文宇,2
2084,石中二路113号,1
2085,瑞华苑,3
2086,雅居乐七里海,3
2087,东怡新区东雅园,7
2088,广州星河湾星座,5
2089,番艺花园,8
2090,尚贤坊,1
2091,中环品悦,5
2092,南兴花园(番禺区),2
2093,祈福新村蝶舞轩,12
2094,番禺华景新城,8
2095,映月翠庭,2
2096,如意中心,3
2097,丽江花园德汇楼,6
2098,怡居新村,3
2099,东怡新区东信园,1
2100,亚运城天荟,11
2101,奥园广场,2
2102,奥园养生广场,4
2103,尚东数字居,1
2104,番禺海伦堡花样年华二期,3
2105,富丽家园百丰楼,1
2106,雅居乐城南源著,2
2107,保利大都汇,3
2108,广华苑,2
2109,敏捷华美国际,3
2110,大发大厦,2
2111,雅居乐君域公馆,3
2112,信业尚誉,2
2113,德兴园,2
2114,祈福新村绿怡南路,3
2115,富丽家园朝阳西路,1
2116,悦尚公馆,1
2117,美心翡翠明庭,8
2118,宝翠苑,2
2119,华筑翡翠湾,2
2120,祈福新村月明轩,10
2121,富丽家园丽水湾,4
2122,金城花园,10
2123,番禺奥林匹克花园爱巢,1
2124,吉祥北园B区,4
2125,金山谷,8
2126,富宾星悦国际,1
2127,盛会国际公寓,1
2128,敏捷伊顿公馆,4
2129,丽江花园棕榈滩,4
2130,时代倾城(番禺区),2
2131,奥园国际中心,1
2132,敏捷御峰国际,4
2133,中怡居,3
2134,方圆大学时光,3
2135,广州星河湾逸心园,2
2136,广州星河湾怡心园,1
2137,星海园,3
2138,金沙丽水,4
2139,富庭东园,1
2140,信基城,4
2141,祈福新村翠湖居,9
2142,吉祥北园D区,1
2143,华南碧桂园景翠苑,1
2144,柏丽星寓,1
2145,祺康园,3
2146,金海岸花园聚湖,11
2147,富丽家园富丽楼,3
2148,石碁绿庭雅苑,1
2149,富庭华园,3
2150,东方花园又一居,2
2151,富丽家园桔芳园,4
2152,梅山大厦,2
2153,广州星河湾朗心园,1
2154,广州雅居乐花园花巷,3
2155,鑫润花园,3
2156,番贸小区,1
2157,锦绣半岛东区,13
2158,金海岸花园金石碧苑,5
2159,丽江花园萃锦苑,2
2160,广州雅居乐花园上善若水,6
2161,丽江花园玉树别院,1
2162,顺景苑(番禺区),1
2163,西兴苑,4
2164,珊瑚湾畔,8
2165,东圆新村,4
2166,长江数码花园(番禺),2
2167,时代外滩,5
2168,华南新城北区,5
2169,雄峰城,1
2170,太子花园,1
2171,富华花园,4
2172,侨宫苑,4
2173,鑫隆世家,6
2174,富都华苑,1
2175,华葆明苑,3
2176,环城西路(市桥),1
2177,广州雅居乐花园时光九篇,8
2178,富丽家园香江商业大厦,1
2179,桃花路,1
2180,东湖洲花园2区,12
2181,石楼碧桂园,2
2182,丽江花园九如通津,3
2183,水韵蓝湾北区,4
2184,裕景花园西区,2
2185,金山谷尚层,4
2186,美心山庄,1
2187,华南碧桂园翠宏台,7
2188,广州碧桂园康苑,2
2189,北城白云花园,3
2190,东发大厦,2
2191,裕福花园,3
2192,祈福新村湖畔豪庭,1
2193,彩晴轩,3
2194,百事佳花园,1
2195,广州星河湾盛荟园,1
2196,奥园莲峰圣境,11
2197,旭晖园,1
2198,金沙湾花园金沙御苑,2
2199,星河湾半岛三号园,1
2200,吉祥道,2
2201,中海蓝湾,2
2202,锦绣香江花园紫荆雅园,1
2203,南浦长大公司,1
2204,吉祥北园,3
2205,富丽家园中行宿舍,1
2206,繁华路,2
2207,华新智汇+,1
2208,信联大厦,2
2209,星河湾半岛一号园,3
2210,绿茵庭园,4
2211,美心花园,2
2212,海印又一城海印星玥,5
2213,荔园地产中心,1
2214,敏捷时空壹号,2
2215,柏丽甜果公馆,1
2216,敏捷上城商务中心,1
2217,富丽家园华贵大厦,1
2218,美心翠拥华庭一期,1
2219,东湖洲花园3区,2
2220,华怡居,1
2221,敏捷上品公馆,1
2222,锦绣华庭,2
2223,亚运城运动员村一区,2
2224,荔新苑,3
2225,祈福新村都市活力花园,1
2226,康泰苑,3
2227,金沙诚筑,1
2228,江南花苑,5
2229,富丽家园金山大厦,1
2230,璇玑金村,1
2231,德丰园,2
2232,海天花园,1
2233,新世纪花园,1
2234,富丽家园乳芳园,6
2235,西秀园,3
2236,兴业花园,4
2237,恒盛苑,2
2238,东逸华庭,1
2239,华南碧桂园紫翠苑,1
2240,丽江花园丽影楼,1
2241,喜盈雅境,4
2242,华南碧桂园锦翠苑,4
2243,禺雅园,6
2244,金碧园,1
2245,广州雅居乐花园雅翠庭,3
2246,康裕大厦,3
2247,星誉花园,1
2248,华海大厦,3
2249,广州星河湾悦心园,7
2250,华茵明苑,3
2251,东晟明珠花园,3
2252,广州星河湾星河六号园,2
2253,江山帝景,3
2254,东怡园,1
2255,锦绣花园北区,1
2256,东逸豪园,2
2257,植村五路东一区,1
2258,广州星河湾星苑,3
2259,番禺海伦堡流金岁月,4
2260,广州碧桂园锦苑,1
2261,锦绣香江花园丁香园,3
2262,南天名苑,2
2263,名人山庄,1
2264,莲花别墅,4
2265,广州碧桂园福苑,2
2266,富丽家园富宜居,1
2267,新光城市花园,2
2268,康城水郡,2
2269,东瀚园,1
2270,荔芳园,1
2271,祈福新村B区,3
2272,德福楼,1
2273,金口岸大厦,2
2274,华盛新村南区,1
2275,富图花园,2
2276,金海岸花园皇玛,3
2277,丽江花园丽岛翠苑,5
2278,广州雅居乐花园御景峰,1
2279,一品灏景,1
2280,东方花园2区,1
2281,广州碧桂园绿茵苑,2
2282,星河湾半岛二号园,1
2283,香缤豪庭,2
2284,锦绣香江花园布查特官邸,3
2285,锦绣香江花园玉兰园,1
2286,金海岸花园梓园,1
2287,瀚御居,2
2288,东怡新区东裕园,1
2289,东怡新区东豪园,1
2290,雍景山庄,1
2291,华南碧桂园碧翠苑,1
2292,广州雅居乐花园灏湖居,1
2293,布查特官邸I期,2
2294,莲花山高尔夫别墅,1
2295,祈福新村绿怡花园,1
2296,招商城市主场,1
2297,东涌路,2
2298,光明南路,1
2299,盈翠苑,1
2300,西华园,2
2301,长堤西路,1
2302,番中宿舍,1
2303,广州雅居乐花园雅湖居,3
2304,电力新村,1
2305,银都大厦,3
2306,市桥东苑小区,2
2307,祈福新村活力花园,1
2308,东骏苑,1
2309,金海御苑,3
2310,园丰小区,1
2311,富华中路,2
2312,利安大厦,1
2313,海滨大厦,1
2314,富都城,2
2315,雍逸华庭,3
2316,西丽路,1
2317,翠怡轩,1
2318,华南新城江山颐景茗苑,1
2319,昊龙花园北区,1
2320,华荟南景园,2
2321,乐怡苑,1
2322,富华园,1
2323,富丽家园,1
2324,置业广场,1
2325,雅居乐锦官城星汇,2
2326,清河中路,1
2327,景辉苑,1
2328,富丽家园豪景楼,1
2329,豪景大厦,1
2330,亚运城运动员村二区,1
2331,越秀星汇文瀚,1
2332,中华大道翠园西,1
2333,珠光新城御景二期,1
2334,华翠街小区,2
2335,侨乐新村,9
2336,紫林居,2
2337,华港花园,24
2338,华景新城华景里,17
2339,东璟花园,6
2340,中兴花园,5
2341,华江花园,5
2342,华康小区,4
2343,阳光家园(天河),3
2344,侨怡苑,11
2345,美林湖畔花园,17
2346,天诚广场,1
2347,星海音乐学院,1
2348,侨林苑,3
2349,棠德花苑,76
2350,煤气公司宿舍(天河区),2
2351,金田花苑,9
2352,富力天朗明居,33
2353,广海花园,7
2354,都市华庭(天河),8
2355,帝景苑,9
2356,德埔小区,7
2357,天文苑,6
2358,迎翠春庭,3
2359,新燕花园,7
2360,易通大厦,5
2361,物资局大院,8
2362,沙河顶,1
2363,侨源山庄,14
2364,环宇花园,9
2365,豪景花园,18
2366,丰兴广场,8
2367,中怡城市花园,4
2368,嘉裕君玥公馆,8
2369,明轩,3
2370,兰亭盛荟,17
2371,新大厦,2
2372,骏景花园,83
2373,美林海岸花园,30
2374,橡树园,21
2375,天健上城,20
2376,名门大厦,14
2377,阳光假日园,10
2378,西雅苑,3
2379,保利心语花园,16
2380,理想青年荟,5
2381,边检宿舍,3
2382,邮通小区,2
2383,新世界东逸花园,19
2384,华标广场,7
2385,万科云城米酷,20
2386,穗园小区,4
2387,水荫路永福正街,2
2388,富力天禧花园,3
2389,观山苑,6
2390,富力天河华庭,3
2391,华景新城陶然庭苑,24
2392,东方新世界,27
2393,保利香槟花园,7
2394,仙湖名苑,5
2395,嘉尚国际公寓,3
2396,华景新城翠安侬苑,11
2397,省农机所,1
2398,保利中汇广场,4
2399,天力居,7
2400,金晖花园,2
2401,兴禺大厦,5
2402,德荣小区,13
2403,东成花园,3
2404,华景新城逸宁居,3
2405,育蕾小区,10
2406,侨翠苑,8
2407,六运小区,26
2408,东成花苑,6
2409,华景新城雅怡居,3
2410,中海康城,38
2411,云宁居,9
2412,中海花城湾,12
2413,城市假日园,13
2414,华景新城华景锦苑,1
2415,东圃广场,16
2416,盈彩美居,17
2417,龙口小区,4
2418,君紫花园,1
2419,金海花园,9
2420,珠江俊园,13
2421,福金莲花园,11
2422,美好居,8
2423,育兰小区,1
2424,百合路38-64号宿舍（双号）,1
2425,绿佳花园,8
2426,暨南花园,6
2427,隆德大厦,7
2428,天鹅花苑,9
2429,跑马地花园,5
2430,保利林海山庄,20
2431,跑马地花园三期,10
2432,纵横花园,2
2433,水利电力学院,2
2434,天河直街小区,2
2435,珠江太阳城广场,3
2436,勤天E品上馆,6
2437,燕塘大院,2
2438,南天广场,9
2439,粤韵庭园,8
2440,春江花园,12
2441,龙口东路,5
2442,第四十四中学教工宿舍,1
2443,云山翠苑,2
2444,广州大道省府宿舍,4
2445,中山大学第六附属医院宿舍,1
2446,交警宿舍,1
2447,信华经理人家园,8
2448,天河东远洋宿舍,4
2449,天寿路,1
2450,南粤阁,2
2451,星汇云锦,13
2452,荟雅苑,7
2453,华景新城华门阁,3
2454,金碧华府,5
2455,建丽花园,4
2456,迪生苑,1
2457,天河山庄,13
2458,昌乐园,6
2459,华建小区,9
2460,公路局大院,3
2461,天河北苑,10
2462,尚东君御雅苑,11
2463,羊城花园,9
2464,河源大厦,1
2465,珠委大院,2
2466,天誉花园,3
2467,铂林国际公寓,10
2468,广州体育学院,5
2469,天河星作,4
2470,海棠阁,4
2471,沙太南路,1
2472,中达广场,11
2473,广弘天琪,1
2474,东晖花园,9
2475,百脑汇科技大厦,4
2476,金燕花园,15
2477,翠屏富通雅苑,4
2478,高胜花园,9
2479,省粮油宿舍,2
2480,天福居,5
2481,翠湖山庄,13
2482,旭景家园,22
2483,濂泉西路95号大院,4
2484,都市兰亭花园,6
2485,星汇雅苑,4
2486,华盈居,2
2487,龙湖首开天宸原著,1
2488,丰乐苑,4
2489,加拿大花园,11
2490,长运大院,5
2491,翠拥华庭锋尚,5
2492,粤垦路红英街,2
2493,太阳广场,9
2494,芳草园,5
2495,红十字会医院宿舍,1
2496,华丽楼,1
2497,南兴花园(天河区),10
2498,赛拉维,20
2499,翠华苑,1
2500,远洋天骄,16
2501,海景中心,9
2502,华师大学宿舍南区,2
2503,隆基怡苑,5
2504,龙吟居,1
2505,东方都会广场,3
2506,丽晴轩,2
2507,华景新城泽晖苑,9
2508,天平花苑,7
2509,华景新城逸晖居,3
2510,信成小区,7
2511,东方之珠花园,4
2512,嘉惠苑,2
2513,兰亭荟苑,2
2514,时尚明苑,9
2515,五星阁,6
2516,穗乐花园,6
2517,中强雅苑,2
2518,金穗大厦,7
2519,宝供大厦,2
2520,嘉裕公馆,7
2521,汇豪大厦,6
2522,华景新城晓景楼,1
2523,半山溪谷E墅,4
2524,广东外语职业艺术学院五山校区,3
2525,星汇园,9
2526,瑜翠园,4
2527,美林湖畔花园誉府,5
2528,金富苑,2
2529,天河峰景大厦,4
2530,乐意居花园,13
2531,富力花园,3
2532,阳光桃源,4
2533,天雅居,7
2534,黄村体育训练基地,1
2535,穗茵园,8
2536,金鼎大厦,6
2537,惠苑楼,3
2538,南国花园,14
2539,金碧翡翠华庭,8
2540,峻林,7
2541,东荣文华轩,2
2542,星汇国际大厦,1
2543,金兴花园,3
2544,天河新作,9
2545,银利花苑,2
2546,天河广场,7
2547,富力盈力大厦,1
2548,瑞心苑,6
2549,安厦花园,1
2550,誉城苑,3
2551,富力盈丰大厦,17
2552,领峰园,5
2553,嘉裕礼顿阳光,2
2554,佳润上品菁园,1
2555,鸿燕居,5
2556,瑞华大厦,2
2557,林和东路155-171号（单号）,1
2558,棠利大厦,1
2559,天成居,1
2560,福龙苑,1
2561,双城国际,1
2562,华文学院,2
2563,金建苑,10
2564,叠翠台,4
2565,乐雅苑,3
2566,粤海丽江花园,6
2567,云龙苑,1
2568,壹号公馆,2
2569,丽晶华庭,6
2570,半山翠庭,5
2571,富力公园28,7
2572,广利路,3
2573,百合苑A区,3
2574,广环大厦,2
2575,白马花园,1
2576,贤人阁,1
2577,天晟明苑,5
2578,嘉华楼,1
2579,中海璟晖华庭,5
2580,逸安阁,2
2581,员村二横路11号大院,2
2582,嘉宝华庭,5
2583,体育西苑,2
2584,银汇华庭,4
2585,华南御景园,15
2586,嘉裕丹顿阳光,5
2587,中人集团宿舍,3
2588,君林天下,6
2589,华景新城逸悦居,2
2590,华景新城逸致居,2
2591,时代花生二期,7
2592,体育西路,2
2593,东圃法院宿舍,6
2594,东洲大厦,6
2595,瑞安·创逸,5
2596,员村山顶建设局宿舍,1
2597,汇峰苑,12
2598,天雅阁,2
2599,名雅苑,4
2600,中人宿舍,4
2601,富力院士庭,12
2602,福泉楼,3
2603,天韵阁,3
2604,沙和路,2
2605,风行牛奶宿舍,2
2606,天河鸿运花园,7
2607,侨源新村,4
2608,华景新城丽景园,5
2609,华景新城沁馥佳苑,2
2610,御华苑,3
2611,穗东花园,7
2612,海景大厦,4
2613,绿庭苑,1
2614,东河苑,3
2615,远洋明珠大厦,3
2616,金润大厦,1
2617,雅怡阁,6
2618,雅怡居,7
2619,侨英花园,6
2620,鸿翔大厦,6
2621,广氮新村,5
2622,凯旋新世界广粤尊府,1
2623,员村新村,4
2624,方圆月岛,6
2625,天銮,14
2626,华景新城胜景楼,3
2627,金坤花园,4
2628,广厦居,2
2629,天盛大厦,3
2630,伍仙花园A区,6
2631,绿怡居,2
2632,边检大院,6
2633,汇景新城中央庭院,3
2634,华景新城逸意居,2
2635,喜洋居,5
2636,天一新村,11
2637,隽园,4
2638,金山轩,1
2639,力迅领筑,4
2640,华翰大厦,6
2641,历德雅舍,7
2642,九洲海誉居,2
2643,天河军休三所,2
2644,商检宿舍,3
2645,聚侨苑,1
2646,天誉华庭,8
2647,员村西街3号大院,1
2648,御晖苑,3
2649,协和新世界,3
2650,远东大厦,5
2651,文化大院,6
2652,先烈东路,7
2653,合景睿峰L7,10
2654,汇友苑,7
2655,广梅汕铁路大厦,2
2656,博雅御轩,1
2657,易丰大厦,5
2658,阳华国花苑,1
2659,五华大厦,1
2660,侨兴苑,4
2661,珠江都荟华庭,3
2662,漾晴居,2
2663,天成大厦,2
2664,凯旋新世界枫丹丽舍,2
2665,嘉怡苑,3
2666,海景花园,1
2667,汇景新城棕榈园,4
2668,东方新世界熹园,4
2669,小城之春,3
2670,南雅苑,10
2671,华南理工大学宿舍凤凰新村,1
2672,天河东路小区,2
2673,锦华轩,2
2674,华苑大厦,7
2675,农工商学院,6
2676,华颖花园,9
2677,省工艺大院,2
2678,祥兴大厦,3
2679,南国嘉园,2
2680,省农科院西区,1
2681,龙苑大厦,3
2682,翰林苑(天河),5
2683,正佳万豪金殿,5
2684,佳润临江上品,15
2685,家和天曜,1
2686,富力爱丁堡国际公寓,6
2687,富力盈盛广场,7
2688,嘉逸花园,6
2689,恒安大厦,4
2690,金庭轩,1
2691,冠庭园,5
2692,华颖轩,7
2693,远洋明苑,3
2694,兰亭上东,1
2695,富力新村,5
2696,银利街35号大院,1
2697,广深铁路物业公司广园东住宅小区,6
2698,怡侨大厦,4
2699,国土测绘院大院,1
2700,南国公馆,2
2701,先烈东横路,3
2702,高德公馆,4
2703,长兴小区,1
2704,星河苑,2
2705,穗源阁,1
2706,侨辉大厦,2
2707,恒康阁,2
2708,天员大厦,1
2709,广东省新闻出版局宿舍,1
2710,汇富花园,3
2711,旭日雅苑,4
2712,岳洲路,1
2713,利雅湾,5
2714,馨怡花苑,2
2715,天俊阁,1
2716,尚河居,1
2717,广本宿舍,1
2718,濂泉路,3
2719,半山雍景苑,7
2720,天力街3号,2
2721,旭景家园熙苑,2
2722,力迅上筑,4
2723,财富世纪广场,1
2724,燕塘工业园小区,1
2725,冠军小区,3
2726,方圆公园一号,1
2727,天顺跃居,2
2728,利汇名悦大厦,4
2729,日立电梯宿舍,1
2730,园田居,1
2731,暨南大学宿舍,3
2732,富丽花苑,2
2733,药检宿舍,1
2734,南华工商学院,1
2735,保利世纪绿洲一期,3
2736,博雅首府,4
2737,汇景新城维纶特莱,3
2738,天翔花园,6
2739,宏景台,3
2740,碧海湾,6
2741,珠光新城御景,1
2742,希尔顿阳光,6
2743,龙口花苑,2
2744,华南农业大学宿舍茶山区,1
2745,中海观园国际,4
2746,骏汇大厦,4
2747,交委宿舍,4
2748,隽峰苑,5
2749,汇景新城龙熹山,3
2750,龙口东路翠竹苑,1
2751,华天国际广场,4
2752,伍仙花园B区,2
2753,天信大厦,3
2754,尚东美御,2
2755,华景新城芳满庭园,4
2756,中铁盛德国际,2
2757,华景新城逸雅居,2
2758,陶苑小区,4
2759,五山花园,5
2760,天荣小区,2
2761,阳光都会广场,1
2762,残联宿舍,1
2763,汇景新城上城勋堡,3
2764,誉峰,7
2765,天龙大厦,4
2766,耀星华庭,2
2767,时代花生一期,2
2768,宝翠园,3
2769,安骏大厦,2
2770,恒城大厦,2
2771,汇景新城世家,4
2772,越秀星汇御府,2
2773,理想蓝堡国际花园,4
2774,珠江东境花园,1
2775,江源半岛花园,1
2776,君华上域,1
2777,省水科院,1
2778,光华大厦,2
2779,侨鑫汇悦台,1
2780,南国嘉居,1
2781,鸿景园,1
2782,侨颖苑,3
2783,龙珠楼,3
2784,卫生院宿舍,1
2785,华景新城龙门阁,1
2786,佳福阁,1
2787,龙岗路,4
2788,华景新城逸馨居,1
2789,珠光御景骏庭,1
2790,华景新城绿茵居,3
2791,五羊宿舍,1
2792,濂泉路42号大院,1
2793,白水塘,1
2794,燕岭大厦宿舍,2
2795,天隆花苑,5
2796,五山税务局宿舍,3
2797,伟诚广场,2
2798,电子五所宿舍,4
2799,天立大厦,2
2800,一汽宿舍,2
2801,文苑花园(天河区),3
2802,广之旅大厦,3
2803,天宝大厦,1
2804,陶庄33号,3
2805,华南理工大学宿舍南新村,3
2806,泰然居,1
2807,德欣小区,2
2808,建丰大厦,1
2809,广氮花园,1
2810,东园小区,4
2811,天利居,2
2812,侨明苑,3
2813,远洋棠下小区,1
2814,春晖苑(天河),2
2815,十八中学宿舍,2
2816,聚龙阁,2
2817,广州市轻工高级技工学校宿舍,2
2818,省农科院东区,1
2819,茶景园,1
2820,信达金茂广场,1
2821,牛利岗大街77-81号宿舍（单号）,2
2822,华润天合,2
2823,华南农业大学宿舍嵩山区,1
2824,燕东大厦,1
2825,云华楼,1
2826,沙太南路332号-338号宿舍,1
2827,建业路华翠街,1
2828,泰然楼,3
2829,骏逸苑,1
2830,东圃大马路,1
2831,员村四横路3号大院,1
2832,高科大厦,2
2833,财政局宿舍,3
2834,华景新城叠翠居,7
2835,员村三横路,1
2836,恒业大厦,2
2837,员村四横路1号大院,1
2838,华景新城豪门阁,2
2839,中明大厦,1
2840,枫华苑,2
2841,百合苑B区,2
2842,金泽大厦,2
2843,龙岗东小区,1
2844,翰景轩,2
2845,尚东宏御,1
2846,保利中辰广场,4
2847,沙和路沙东大街,2
2848,金达苑,3
2849,广东省公路勘察规划设计院宿舍,1
2850,保利世纪绿洲二期,4
2851,吉祥花苑,2
2852,银利新村,1
2853,泰安花园,4
2854,体育西路天河北街,1
2855,珠江西苑,1
2856,广信红棉阁,1
2857,国土局宿舍,1
2858,远洋小区,1
2859,民政局大院,1
2860,华荣楼,1
2861,龙口东档案馆房改,1
2862,华景新城怡翠居,1
2863,尚雅苑,1
2864,侨苑小区(天河区),2
2865,燕塘广场,6
2866,新陶苑,2
2867,检察院宿舍,2
2868,中信广场,1
2869,华景新城怡华台,2
2870,发源楼,1
2871,恒达苑,1
2872,广昌楼,1
2873,棠雅苑,2
2874,联发名苑,2
2875,保利中宇广场,1
2876,广东工业大学五山教师村,1
2877,恒大珺睿,4
2878,祥龙花园,1
2879,华南理工大学宿舍西二区,2
2880,广州嘉禾制药厂宿舍,1
2881,合生骏景广场,1
2882,天河新天地,3
2883,建材小区,1
2884,白云进修学院教工宿舍,1
2885,鸿发广场,2
2886,华景新城怡景园,1
2887,华师大学宿舍中区,1
2888,佛奥广场,2
2889,广信玉兰阁,1
2890,星辰财富港,2
2891,省机械研究所,1
2892,东圃远洋小区,1
2893,银燕大厦,1
2894,消防局宿舍,1
2895,朝晖苑,2
2896,万菱汇广场,1
2897,银河小学教工宿舍,1
2898,中山三院宿舍,1
2899,华师大学宿舍北区,1
2900,钢铁研究所,1
2901,华仙楼,1
2902,供销社宿舍,1
2903,水荫一横路,1
2904,半导体研究院宿舍,1
2905,水务局三防办,1
2906,生态环境与土壤研究所,1
2907,尚德大厦,2
2908,侨乐新村嘉德利湾,1
2909,天惠大厦,1
2910,康湖山庄,1
2911,科技干部学院,1
2912,天平架公交宿舍,1
2913,广工大院,6
2914,海南大厦,1
2915,五羊华轩,6
2916,青菜岗,2
2917,淘金家园二三期,13
2918,华侨新村,16
2919,仓边路35号大院,2
2920,瑶台花园,3
2921,麓湖御景,6
2922,嘉诚国际公寓,15
2923,文德南路,2
2924,德兴苑,5
2925,海平阁,4
2926,西华路,32
2927,海珠北路,7
2928,淘金路,27
2929,永福路永福西约,16
2930,太和岗路,1
2931,庙前直街,1
2932,福今路,5
2933,俊逸阁,1
2934,淘金家园峯璟,7
2935,电视台大院,4
2936,先烈中路81号大院,31
2937,麓苑路,3
2938,广东省药物研究所甜水横巷分所,2
2939,大德路,14
2940,建设二马路,3
2941,淘金华庭,7
2942,富力御龙庭,13
2943,太和岗路22号大院,6
2944,北京路,5
2945,碧翠苑,6
2946,东园新村,7
2947,省政协宿舍,1
2948,海鹰大厦,2
2949,东华西路,12
2950,东环路6号大院,3
2951,东湖御苑,5
2952,中曦大厦,3
2953,明泉花园,5
2954,国龙大厦,8
2955,骏朗轩,1
2956,小北路,22
2957,淘金家园一期,2
2958,麓湖阁,4
2959,下塘西路,11
2960,水荫直街,18
2961,农林下横路,1
2962,北秀花园,5
2963,大沙头路,3
2964,中山一路,1
2965,光塔路,9
2966,解放中路,3
2967,执信南路,12
2968,竹丝岗四马路,1
2969,帝景大厦,2
2970,东华东路,9
2971,海中宝大厦,2
2972,美东大厦,2
2973,锦源国际公寓,4
2974,圣安苑,4
2975,人民北路,3
2976,越秀北路,5
2977,广信美景大厦,4
2978,文德广场,3
2979,恒雅苑,3
2980,流花雅轩,2
2981,广州大学宿舍,7
2982,水荫路,19
2983,机关宿舍,5
2984,拥翠小区,14
2985,波尔多庄园,4
2986,深华大厦,4
2987,文明路,8
2988,海印集团中心,5
2989,东华南路,5
2990,朝天路,3
2991,银山大厦,1
2992,西元岗小区,2
2993,五羊小区,24
2994,仓边路,12
2995,广东国际大厦,3
2996,惠福西路,3
2997,恒福苑,4
2998,桂花岗,14
2999,华秀苑,9
3000,童心路,1
3001,海珠中路,4
3002,文德雅轩,4
3003,市府机关宿舍大院,1
3004,恒华阁,1
3005,置地大厦,3
3006,一德花园,2
3007,寺右一横路,4
3008,富力宜居,2
3009,解放北路(越秀区),11
3010,东方广场,6
3011,共和苑,5
3012,东风广场,20
3013,东山锦轩,1
3014,梅花村,5
3015,署前路,2
3016,共和路,3
3017,嘉骏苑,3
3018,德悦居,2
3019,东方文德广场,10
3020,农林华府,3
3021,豪贤苑,4
3022,中航大厦,2
3023,兴城大厦,3
3024,金东环大厦,1
3025,逸雅居,6
3026,友谊剧院宿舍,2
3027,淘金坑,6
3028,中山四路,12
3029,椰诚阁,2
3030,永福路89号大院,12
3031,大新路,8
3032,五矿大院,1
3033,大南路,14
3034,商业新村,1
3035,湖滨苑,1
3036,富华商贸大厦,1
3037,君汇世家,3
3038,花园新村,5
3039,中山三路,12
3040,文星阁,7
3041,梅花路,1
3042,福今东,2
3043,五羊商住中心,2
3044,民间金融大厦,3
3045,麓雅居,2
3046,富力东堤湾,8
3047,德心轩,1
3048,侨福苑,4
3049,正佳东方国际,7
3050,新达城广场,2
3051,濠畔商厦,2
3052,竹丝岗二马路,2
3053,豪贤路,2
3054,农林下路,8
3055,嘉和苑,6
3056,名门越秀,5
3057,嘉富广场,7
3058,培正一横路,1
3059,科技馆大院,5
3060,天胜村,5
3061,广园东路,9
3062,广医小区,4
3063,海印苑,10
3064,房建大厦,2
3065,松岗大街宿舍,5
3066,淘金北路,4
3067,凯旋会,3
3068,应元路,5
3069,广信丽景大厦,1
3070,兰亭璟濠,3
3071,聚贤阁,5
3072,福莱花园,4
3073,璟泰大厦,1
3074,越兴苑,1
3075,东山公馆,1
3076,水均岗,5
3077,康丽居,3
3078,东兴小区,4
3079,东风东路754号大院,1
3080,麓湖大厦,4
3081,嘉洲翠庭,10
3082,麓苑阁,1
3083,恒福阁,3
3084,广园西路,3
3085,仓前大厦,2
3086,东山雅筑,4
3087,六榕大厦,1
3088,骏文雅苑,5
3089,雅景阁,3
3090,锦城花园,10
3091,华侨乐园,22
3092,越秀上品轩,6
3093,清水濠小区,2
3094,海印花园,1
3095,环市东路466号大院,5
3096,嘉颐居,3
3097,金麓山庄,20
3098,洛桑美地,1
3099,新河浦一横路,1
3100,东海嘉园,3
3101,宜安小区,3
3102,建设五马路35号大院,1
3103,云鹤园,4
3104,下塘新村,8
3105,文德先生,6
3106,天伦花园,3
3107,省委党校大院,3
3108,黄华路,11
3109,犀牛路,3
3110,新华楼,2
3111,东越雅居,1
3112,雅景花园,2
3113,南方永福国际大厦,4
3114,峻峰大厦,1
3115,侨力大厦,3
3116,东风东路,4
3117,羊和园,1
3118,花果山庄,7
3119,富力东山新天地,4
3120,德政中路,11
3121,东郊市场,2
3122,万科金色家园,3
3123,瑶泉新苑,1
3124,黄花新村,8
3125,横枝岗56号大院,5
3126,寺右二马路,3
3127,流花广场,1
3128,寺右东小区,7
3129,黄田小区,7
3130,北站路北站新街,1
3131,先烈中路,5
3132,东环大厦,6
3133,洪都逸品,5
3134,起义路,4
3135,珠光小北御景,3
3136,大德大厦,2
3137,远洋小北宿舍,2
3138,淘金花园,3
3139,世贸花园,4
3140,金地大厦,2
3141,润粤大厦,6
3142,东川路,7
3143,执信大院,2
3144,颐秀华庭,1
3145,竹丝岗二马路7号大院,2
3146,永福楼,7
3147,麓湖盛景,5
3148,金湾畔大厦,3
3149,爱群荟景湾,4
3150,都府小区,5
3151,华逸阁,1
3152,大南居,1
3153,翠怡大厦,4
3154,文德北路,2
3155,富宏花园,5
3156,鸿瑞大厦,1
3157,方凯华庭,3
3158,天字广场,3
3159,金羊花园,2
3160,建雅台,2
3161,德雅轩,4
3162,翠山美庭,1
3163,恒福路,9
3164,白云一街8号大院,1
3165,湛塘路,1
3166,广信汇景大厦,3
3167,广州煤研所宿舍,1
3168,水荫翠院,6
3169,建设三马路,2
3170,丰景大厦,5
3171,东山欣园,1
3172,二沙岛花城苑,1
3173,达道路,3
3174,君铂国际,2
3175,邮电新村华乐路,1
3176,金山阁,2
3177,越秀花苑大厦,1
3178,先烈南路青菜东街,5
3179,恒鑫御园,2
3180,铁路大院,1
3181,淘金大厦,4
3182,清水塘小区,5
3183,越秀南路,4
3184,东山领汇广场,4
3185,环市东路,9
3186,泰康城广场,4
3187,东兴大厦,7
3188,花果山社区,4
3189,山河后街61号大院,1
3190,应元大厦,2
3191,莲泉大厦,1
3192,新时代宿舍(北站路),1
3193,中冠大厦,5
3194,环市东路435号大院,2
3195,乐韵居,5
3196,福今路3号大院,2
3197,利福大厦,1
3198,惠福东路,3
3199,百灵路,3
3200,柏丽雅居,1
3201,观湖雅轩,4
3202,金濠大厦,1
3203,保利中环广场,13
3204,文化大楼,1
3205,建设横马路,1
3206,东川路91号大院,4
3207,文德路,1
3208,梅花路电力设计院宿舍,1
3209,小东园,2
3210,麓景路,6
3211,光孝路,5
3212,北较场横路,1
3213,三荣大厦,3
3214,濂泉居,3
3215,金迪大厦,2
3216,北京大厦,2
3217,陶瓷大厦,4
3218,天秀大厦,4
3219,岭南会,1
3220,先烈南路青龙坊,1
3221,矿泉大厦,1
3222,邮电新村,4
3223,越秀区第二军休所,1
3224,文德东路,1
3225,广发花园,1
3226,泰峰大厦,1
3227,中山二路,2
3228,环市中路,3
3229,华悦居,1
3230,中山六路,3
3231,教师宿舍,1
3232,好世界公寓,2
3233,金润铂宫,1
3234,珠光路,4
3235,电台大院,2
3236,华盛居,1
3237,共和西小区,2
3238,东雅轩,4
3239,象岗山,1
3240,鸿业大厦,2
3241,恒福路11号大院,1
3242,国投宿舍,3
3243,达道西路,2
3244,荣庆大厦,1
3245,百子大厦,2
3246,金悦东山国际公馆,4
3247,日升大厦,3
3248,时代YOU公寓,1
3249,东川大厦,6
3250,麓湖路3号大院,1
3251,寺贝楼,1
3252,粤康阁,2
3253,碧水明筑,1
3254,庙前西街,3
3255,广信华景大厦,2
3256,永胜华庭,2
3257,金宝怡庭,1
3258,国利大厦,1
3259,盈泽苑,1
3260,惠爱大厦,1
3261,幸福小区,1
3262,府前铭泰,1
3263,烟墩路,1
3264,农林下路2号大院,1
3265,广州机务段,1
3266,宝汉直街54号大院,2
3267,大东门华庭,3
3268,东风西路,5
3269,诗书路,1
3270,东雅兰院,1
3271,明月二路,6
3272,越富广场,2
3273,珠光雅居,1
3274,德安大厦,1
3275,冠城大厦,2
3276,先烈中路102号大院,2
3277,三元里大道洪荫街,1
3278,五号公馆,1
3279,御东和府,1
3280,丽日广场,3
3281,北京南路,1
3282,粮食局宿舍,1
3283,竹丝岗大马路,2
3284,幸福立方,1
3285,农本新村,1
3286,东华南路白云楼,1
3287,百好居,1
3288,北站路,3
3289,天锦大厦,1
3290,辉煌大厦,3
3291,华逸锦轩,1
3292,教工新村,1
3293,白云路,2
3294,粤虹大厦,1
3295,东湖新村,1
3296,顺景大厦,1
3297,丽华大厦,2
3298,金铭轩,2
3299,海日苑,1
3300,体委大院,5
3301,景华大厦,1
3302,华业大厦,3
3303,鸿福居,1
3304,净慧路,2
3305,南油大厦,1
3306,广九三马路7号大院,1
3307,水荫路34号大院,1
3308,海印大厦,1
3309,财厅大院,2
3310,丽苑大厦(越秀区),2
3311,恒仕大厦,3
3312,广信豪景大厦,4
3313,寺右新马路,1
3314,广信鸿景大厦,1
3315,盈基大厦,1
3316,宝山大厦,3
3317,精彩生活大厦,1
3318,尚峰酒店公寓,1
3319,建设大马路,4
3320,铁路宿舍大院,1
3321,广信怡景大厦,2
3322,羊城商厦,1
3323,德政北路,1
3324,淘金东路,2
3325,区庄村,2
3326,法政路,3
3327,长堤大马路,2
3328,穗安楼,1
3329,富临居,1
3330,西湖路,2
3331,东山紫园,2
3332,华友大厦,3
3333,伟超置业大厦,1
3334,广粮大厦,1
3335,爱家园,2
3336,统战部大院,1
3337,翰林阁,2
3338,回龙路,1
3339,佳地华苑大厦,1
3340,银行疗养院宿舍,1
3341,新悦楼(越秀区),2
3342,新河浦雅居,2
3343,东湖豪苑,1
3344,新河浦路,2
3345,省社会科学培训中心宿舍,1
3346,丽晶大厦,2
3347,广大路,1
3348,海运小区,1
3349,碧桂园豪进广场,54
3350,惠百氏广场,16
3351,锦绣新天地,146
3352,富雅都市华庭,30
3353,汇东国际花园,82
3354,合汇学府名郡,26
3355,碧桂园凤凰城凤锦苑,32
3356,豪进山湖珺璟,77
3357,东方名都,123
3358,合景誉山国际,55
3359,广州敏捷绿湖首府三期,34
3360,新塘新世界花园万象苑,100
3361,金地香山湖,57
3362,碧桂园凤凰城凤馨苑,108
3363,亚太新城富丽园,12
3364,敏捷锦绣天伦,105
3365,增城时代廊桥,31
3366,保利中航城一期,48
3367,翡翠绿洲克拉邻里,9
3368,新都盛世名门宏城汇,59
3369,时代倾城(增城区),27
3370,保利i立方,33
3371,汇美体育花园,22
3372,翡翠绿洲湖滨苑,11
3373,新康花园,53
3374,创基丽江国际,26
3375,新都盛世名门,60
3376,翡翠绿洲森林半岛,72
3377,恒大山水城,88
3378,群星花园,19
3379,新景豪庭,31
3380,仁安花园,19
3381,广州海伦堡,153
3382,金泽豪庭,112
3383,源海仙村一号,5
3384,敏捷莱茵花园,17
3385,翡翠绿洲湖绣苑,22
3386,奥园誉峯,11
3387,碧桂园凤凰城凤荔苑,10
3388,中国铁建国际花园,21
3389,锦绣半山御景,16
3390,碧桂园城市花园花岸苑,49
3391,富城花园,4
3392,嘉骏豪苑,21
3393,群星新邨,35
3394,水电二局宿舍,15
3395,碧桂园荔园,4
3396,假日花园,9
3397,合景花漫里,21
3398,顶好大厦,10
3399,太阳城巧克力,16
3400,现代城市花园,27
3401,新塘广场,11
3402,卫山北二路,3
3403,中森茗苑,14
3404,尚东阳光雅苑,58
3405,金泽华庭,21
3406,碧桂园豪园林湖苑,6
3407,侨建御溪谷南区,13
3408,亚太新城亚太银座一期,11
3409,水电广场,15
3410,保利平方花园,7
3411,新塘新世界花园嘉华苑,24
3412,时尚广场,12
3413,保利东江首府,48
3414,碧桂园凤凰城凤妍苑,35
3415,金地荔湖城公园上城,45
3416,景新豪苑,7
3417,广发大厦,4
3418,金凤皇庭,3
3419,锦绣御景国际一期,6
3420,碧桂园凤凰城凤晴苑,24
3421,碧桂园凤凰城凤凰名苑,11
3422,碧桂园城市花园漫绿苑,60
3423,顺欣花园,14
3424,时代天启,12
3425,碧桂园凤凰城凤仪苑,32
3426,保利壹号公馆,10
3427,碧桂园豪园荔山苑,14
3428,力诚凯怡湾,20
3429,实地蔷薇国际,10
3430,恒大山水郡,13
3431,城市家园二期,15
3432,保利中航城二期,5
3433,汇港威华雅苑,25
3434,新汇时光,4
3435,叠溪花园,4
3436,西福蓝湾,30
3437,荔富湖畔,17
3438,合汇·中央广场,19
3439,金马香颂居,11
3440,美业阁,8
3441,丰泰城市公馆,10
3442,城市家园一期,4
3443,山水大厦小区,3
3444,融创御园,7
3445,岭秀苑,4
3446,海伦春天,40
3447,新康花园康馨苑,9
3448,金色港湾,12
3449,顺欣广场,19
3450,锦绣御景国际四期,9
3451,恒展江山时代花园,12
3452,金地荔湖城水立坊,6
3453,亚太新城亚太银座二期,7
3454,碧桂园凤凰城凤天苑,10
3455,富雅名居,6
3456,金康花园,3
3457,广州敏捷绿湖首府一期,24
3458,富好城,2
3459,中海联智汇城,4
3460,广州敏捷绿湖首府,4
3461,锦绣御景国际二期,4
3462,景江大厦,3
3463,敏捷锦绣星河,4
3464,大东汇,2
3465,石滩第一城,16
3466,新塘新世界花园嘉乐苑,4
3467,金地荔湖城,6
3468,翡翠绿洲湖翠苑,29
3469,敏捷锦绣星辰,9
3470,翡翠绿洲育才阳光苑,7
3471,合生湖山国际,32
3472,新塘新世界花园,9
3473,恒福花园,4
3474,新塘新世界花园嘉怡苑,4
3475,广州敏捷绿湖首府二期,16
3476,碧桂园豪进左岸,25
3477,侨建御溪谷北区,18
3478,增城雅居乐御宾府,2
3479,逸翠庄园,8
3480,三江盛汇,13
3481,荔城碧桂园,4
3482,碧桂园凤凰城凤凰岛,5
3483,荔建花园,2
3484,崇和花园,11
3485,碧桂园豪园挂绿湖,5
3486,广悦轩泊爵,2
3487,碧桂园凤凰城凤岭苑,6
3488,同创滨江,6
3489,美景阁,5
3490,观园壹号,4
3491,翡翠绿洲泊郡,4
3492,碧桂园凤凰城凤盈苑,11
3493,碧桂园豪园鹤鸣苑,2
3494,碧桂园凤凰城凤雅苑,2
3495,碧桂园凤凰城凤泉苑,2
3496,景新国际名城,20
3497,中海香樟墅,2
3498,中坚豪庭,3
3499,汇港豪庭,1
3500,园墩路,1
3501,碧桂园凤凰城凤凰苑,1
3502,翡翠绿洲宝林苑,1
3503,广州海伦堡中天花园,1
3504,紫云山庄,1
3505,雅景居,1
3506,雅居乐三千院,3
3507,碧桂园豪园荔湖苑,1
3508,碧桂园凤凰城凤湖苑,2
3509,海宇大厦,2
3510,海日中心,1
3511,碧桂园映象,13
3512,荔晶豪苑,1
3513,新天美地花园,1
3514,碧桂园东湖1号,1
3515,合盛秀丽庄园,1
3516,锦绣御景苑三期,1
3517,嘉御豪庭,6
3518,东凌广场,9
3519,碧桂园中新首府,2
3520,百晟汇翠湾,2
3521,金时花园,1
3522,锦绣御景国际三期,3
3523,荔城尚东,8
3524,亚太新城富群苑,1
3525,碧桂园琥珀湾,25
3526,东景华庭,3
3527,锦绣银苑,2
3528,方圆云山诗意二期,1
3529,锦绣御景苑一二期,2
3530,嘉汇四季阳光,3
3531,誉山国际五区学府里,1
3532,汇港轩,2
3533,方圆云山诗意,3
3534,莲园新村,1
3535,新利大厦,2
3536,银城居,2
3537,欧亚公馆,2
3538,西宁南路,2
3539,广东省源天工程公司宿舍,2
3540,乐天峰公馆,1
3541,明星新村,1
3542,碧桂园豪园翠湖苑,1
